Iteration 0: {16}
Iteration 1: {16, 22}
Iteration 2: {16, 22, 15}
Iteration 3: {16, 28, 22, 15}
Iteration 4: {14, 15, 16, 22, 28}
Iteration 5: {34, 14, 15, 16, 22, 28}
Iteration 6: {34, 14, 15, 16, 22, 23, 28}
Iteration 7: {34, 14, 15, 16, 17, 22, 23, 28}
Iteration 8: {34, 9, 14, 15, 16, 17, 22, 23, 28}
Iteration 9: {34, 9, 14, 15, 16, 17, 22, 23, 28, 29}
Iteration 10: {34, 9, 14, 15, 16, 17, 19, 22, 23, 28, 29}
Iteration 11: {34, 9, 14, 15, 16, 17, 19, 22, 23, 25, 28, 29}
Iteration 12: {34, 9, 14, 15, 16, 17, 19, 22, 23, 25, 26, 28, 29}
Iteration 13: {32, 34, 9, 14, 15, 16, 17, 19, 22, 23, 25, 26, 28, 29}
Iteration 14: {32, 34, 9, 13, 14, 15, 16, 17, 19, 22, 23, 25, 26, 28, 29}
Iteration 15: {32, 34, 8, 9, 13, 14, 15, 16, 17, 19, 22, 23, 25, 26, 28, 29}
Iteration 16: {32, 34, 35, 8, 9, 13, 14, 15, 16, 17, 19, 22, 23, 25, 26, 28, 29}
Iteration 17: {32, 34, 35, 8, 9, 13, 14, 15, 16, 17, 19, 22, 23, 25, 26, 28, 29, 31}
Iteration 18: {8, 9, 13, 14, 15, 16, 17, 19, 22, 23, 24, 25, 26, 28, 29, 31, 32, 34, 35}
Iteration 19: {8, 9, 13, 14, 15, 16, 17, 19, 22, 23, 24, 25, 26, 28, 29, 30, 31, 32, 34, 35}
Iteration 20: {8, 9, 13, 14, 15, 16, 17, 18, 19, 22, 23, 24, 25, 26, 28, 29, 30, 31, 32, 34, 35}
Iteration 21: {3, 8, 9, 13, 14, 15, 16, 17, 18, 19, 22, 23, 24, 25, 26, 28, 29, 30, 31, 32, 34, 35}
Iteration 22: {3, 7, 8, 9, 13, 14, 15, 16, 17, 18, 19, 22, 23, 24, 25, 26, 28, 29, 30, 31, 32, 34, 35}
Iteration 23: {3, 7, 8, 9, 13, 14, 15, 16, 17, 18, 19, 22, 23, 24, 25, 26, 28, 29, 30, 31, 32, 34, 35, 36}
Iteration 24: {3, 7, 8, 9, 12, 13, 14, 15, 16, 17, 18, 19, 22, 23, 24, 25, 26, 28, 29, 30, 31, 32, 34, 35, 36}
Iteration 25: {3, 4, 7, 8, 9, 12, 13, 14, 15, 16, 17, 18, 19, 22, 23, 24, 25, 26, 28, 29, 30, 31, 32, 34, 35, 36}
Iteration 26: {1, 3, 4, 7, 8, 9, 12, 13, 14, 15, 16, 17, 18, 19, 22, 23, 24, 25, 26, 28, 29, 30, 31, 32, 34, 35, 36}
Iteration 27: {1, 3, 4, 5, 7, 8, 9, 12, 13, 14, 15, 16, 17, 18, 19, 22, 23, 24, 25, 26, 28, 29, 30, 31, 32, 34, 35, 36}
Iteration 28: {1, 3, 4, 5, 6, 7, 8, 9, 12, 13, 14, 15, 16, 17, 18, 19, 22, 23, 24, 25, 26, 28, 29, 30, 31, 32, 34, 35, 36}
