Iteration 0: 
{ 
[1, 17, 16]
[1, 22, 16]
[1, 15, 16]
[1.4142135623730951, 9, 16]
[1.4142135623730951, 23, 16]
} 

Iteration 1: 
{ 
[1, 23, 22]
[1, 28, 22]
[1, 16, 22]
[1.4142135623730951, 15, 22]
[1.4142135623730951, 17, 22]
[1.4142135623730951, 29, 22]
} 

Iteration 2: 
{ 
[1, 16, 15]
[1, 14, 15]
[1, 9, 15]
[1.4142135623730951, 8, 15]
[1.4142135623730951, 22, 15]
} 

Iteration 3: 
{ 
[1, 29, 28]
[1, 34, 28]
[1, 22, 28]
[1.4142135623730951, 23, 28]
[1.4142135623730951, 35, 28]
} 

Iteration 4: 
{ 
[1, 15, 14]
[1, 13, 14]
[1, 8, 14]
[1.4142135623730951, 7, 14]
[1.4142135623730951, 9, 14]
[1.4142135623730951, 19, 14]
} 

Iteration 5: 
{ 
[1, 35, 34]
[1, 28, 34]
[1.4142135623730951, 29, 34]
} 

Iteration 6: 
{ 
[1, 24, 23]
[1, 29, 23]
[1, 22, 23]
[1, 17, 23]
[1.4142135623730951, 16, 23]
[1.4142135623730951, 18, 23]
[1.4142135623730951, 30, 23]
[1.4142135623730951, 28, 23]
} 

Iteration 7: 
{ 
[1, 18, 17]
[1, 23, 17]
[1, 16, 17]
[1.4142135623730951, 12, 17]
[1.4142135623730951, 24, 17]
[1.4142135623730951, 22, 17]
} 

Iteration 8: 
{ 
[1, 15, 9]
[1, 8, 9]
[1, 3, 9]
[1.4142135623730951, 4, 9]
[1.4142135623730951, 16, 9]
[1.4142135623730951, 14, 9]
} 

Iteration 9: 
{ 
[1, 30, 29]
[1, 35, 29]
[1, 28, 29]
[1, 23, 29]
[1.4142135623730951, 22, 29]
[1.4142135623730951, 24, 29]
[1.4142135623730951, 36, 29]
[1.4142135623730951, 34, 29]
} 

Iteration 10: 
{ 
[1, 25, 19]
[1, 13, 19]
[1.4142135623730951, 14, 19]
[1.4142135623730951, 26, 19]
} 

Iteration 11: 
{ 
[1, 26, 25]
[1, 31, 25]
[1, 19, 25]
[1.4142135623730951, 32, 25]
} 

Iteration 12: 
{ 
[1, 32, 26]
[1, 25, 26]
[1.4142135623730951, 19, 26]
[1.4142135623730951, 31, 26]
} 

Iteration 13: 
{ 
[1, 31, 32]
[1, 26, 32]
[1.4142135623730951, 25, 32]
} 

Iteration 14: 
{ 
[1, 14, 13]
[1, 19, 13]
[1, 7, 13]
[1.4142135623730951, 8, 13]
} 

Iteration 15: 
{ 
[1, 9, 8]
[1, 14, 8]
[1, 7, 8]
[1.4142135623730951, 1, 8]
[1.4142135623730951, 3, 8]
[1.4142135623730951, 15, 8]
[1.4142135623730951, 13, 8]
} 

Iteration 16: 
{ 
[1, 36, 35]
[1, 34, 35]
[1, 29, 35]
[1.4142135623730951, 28, 35]
[1.4142135623730951, 30, 35]
} 

Iteration 17: 
{ 
[1, 32, 31]
[1, 25, 31]
[1.4142135623730951, 26, 31]
} 

Iteration 18: 
{ 
[1, 30, 24]
[1, 23, 24]
[1, 18, 24]
[1.4142135623730951, 17, 24]
[1.4142135623730951, 29, 24]
} 

Iteration 19: 
{ 
[1, 36, 30]
[1, 29, 30]
[1, 24, 30]
[1.4142135623730951, 23, 30]
[1.4142135623730951, 35, 30]
} 

Iteration 20: 
{ 
[1, 24, 18]
[1, 17, 18]
[1, 12, 18]
[1.4142135623730951, 23, 18]
} 

Iteration 21: 
{ 
[1, 4, 3]
[1, 9, 3]
[1.4142135623730951, 8, 3]
} 

Iteration 22: 
{ 
[1, 8, 7]
[1, 13, 7]
[1, 1, 7]
[1.4142135623730951, 14, 7]
} 

Iteration 23: 
{ 
[1, 35, 36]
[1, 30, 36]
[1.4142135623730951, 29, 36]
} 

Iteration 24: 
{ 
[1, 18, 12]
[1, 6, 12]
[1.4142135623730951, 5, 12]
[1.4142135623730951, 17, 12]
} 

Iteration 25: 
{ 
[1, 5, 4]
[1, 3, 4]
[1.4142135623730951, 9, 4]
} 

Iteration 26: 
{ 
[1, 7, 1]
[1.4142135623730951, 8, 1]
} 

Iteration 27: 
{ 
[1, 6, 5]
[1, 4, 5]
[1.4142135623730951, 12, 5]
} 

Iteration 28: 
{ 
[1, 12, 6]
[1, 5, 6]
} 

Iteration 0:
{
[1, 17, 16]
[1, 22, 16]
[1, 15, 16]
[1.4142135623730951, 9, 16]
[1.4142135623730951, 23, 16]
}

Iteration 1:
{
[1, 23, 22]
[1, 28, 22]
[1, 16, 22]
[1.4142135623730951, 15, 22]
[1.4142135623730951, 17, 22]
[1.4142135623730951, 29, 22]
}

Iteration 2:
{
[1, 16, 15]
[1, 14, 15]
[1, 9, 15]
[1.4142135623730951, 8, 15]
[1.4142135623730951, 22, 15]
}

Iteration 3:
{
[1, 29, 28]
[1, 34, 28]
[1, 22, 28]
[1.4142135623730951, 23, 28]
[1.4142135623730951, 35, 28]
}

Iteration 4:
{
[1, 15, 14]
[1, 13, 14]
[1, 8, 14]
[1.4142135623730951, 7, 14]
[1.4142135623730951, 9, 14]
[1.4142135623730951, 19, 14]
}

Iteration 5:
{
[1, 35, 34]
[1, 28, 34]
[1.4142135623730951, 29, 34]
}

Iteration 6:
{
[1, 24, 23]
[1, 29, 23]
[1, 22, 23]
[1, 17, 23]
[1.4142135623730951, 16, 23]
[1.4142135623730951, 18, 23]
[1.4142135623730951, 30, 23]
[1.4142135623730951, 28, 23]
}

Iteration 7:
{
[1, 18, 17]
[1, 23, 17]
[1, 16, 17]
[1.4142135623730951, 12, 17]
[1.4142135623730951, 24, 17]
[1.4142135623730951, 22, 17]
}

Iteration 8:
{
[1, 15, 9]
[1, 8, 9]
[1, 3, 9]
[1.4142135623730951, 4, 9]
[1.4142135623730951, 16, 9]
[1.4142135623730951, 14, 9]
}

Iteration 9:
{
[1, 30, 29]
[1, 35, 29]
[1, 28, 29]
[1, 23, 29]
[1.4142135623730951, 22, 29]
[1.4142135623730951, 24, 29]
[1.4142135623730951, 36, 29]
[1.4142135623730951, 34, 29]
}

Iteration 10:
{
[1, 25, 19]
[1, 13, 19]
[1.4142135623730951, 14, 19]
[1.4142135623730951, 26, 19]
}

Iteration 11:
{
[1, 26, 25]
[1, 31, 25]
[1, 19, 25]
[1.4142135623730951, 32, 25]
}

Iteration 12:
{
[1, 32, 26]
[1, 25, 26]
[1.4142135623730951, 19, 26]
[1.4142135623730951, 31, 26]
}

Iteration 13:
{
[1, 31, 32]
[1, 26, 32]
[1.4142135623730951, 25, 32]
}

Iteration 14:
{
[1, 14, 13]
[1, 19, 13]
[1, 7, 13]
[1.4142135623730951, 8, 13]
}

Iteration 15:
{
[1, 9, 8]
[1, 14, 8]
[1, 7, 8]
[1.4142135623730951, 1, 8]
[1.4142135623730951, 3, 8]
[1.4142135623730951, 15, 8]
[1.4142135623730951, 13, 8]
}

Iteration 16:
{
[1, 36, 35]
[1, 34, 35]
[1, 29, 35]
[1.4142135623730951, 28, 35]
[1.4142135623730951, 30, 35]
}

Iteration 17:
{
[1, 32, 31]
[1, 25, 31]
[1.4142135623730951, 26, 31]
}

Iteration 18:
{
[1, 30, 24]
[1, 23, 24]
[1, 18, 24]
[1.4142135623730951, 17, 24]
[1.4142135623730951, 29, 24]
}

Iteration 19:
{
[1, 36, 30]
[1, 29, 30]
[1, 24, 30]
[1.4142135623730951, 23, 30]
[1.4142135623730951, 35, 30]
}

Iteration 20:
{
[1, 24, 18]
[1, 17, 18]
[1, 12, 18]
[1.4142135623730951, 23, 18]
}

Iteration 21:
{
[1, 4, 3]
[1, 9, 3]
[1.4142135623730951, 8, 3]
}

Iteration 22:
{
[1, 8, 7]
[1, 13, 7]
[1, 1, 7]
[1.4142135623730951, 14, 7]
}

Iteration 23:
{
[1, 35, 36]
[1, 30, 36]
[1.4142135623730951, 29, 36]
}

Iteration 24:
{
[1, 18, 12]
[1, 6, 12]
[1.4142135623730951, 5, 12]
[1.4142135623730951, 17, 12]
}

Iteration 25:
{
[1, 5, 4]
[1, 3, 4]
[1.4142135623730951, 9, 4]
}

Iteration 26:
{
[1, 7, 1]
[1.4142135623730951, 8, 1]
}

Iteration 27:
{
[1, 6, 5]
[1, 4, 5]
[1.4142135623730951, 12, 5]
}

Iteration 28:
{
[1, 12, 6]
[1, 5, 6]
}

Iteration 0:
{
[1, 17, 16]
[1, 22, 16]
[1, 15, 16]
[1.4142135623730951, 9, 16]
[1.4142135623730951, 23, 16]
}

Iteration 1:
{
[1, 23, 22]
[1, 28, 22]
[1, 16, 22]
[1.4142135623730951, 15, 22]
[1.4142135623730951, 17, 22]
[1.4142135623730951, 29, 22]
}

Iteration 2:
{
[1, 16, 15]
[1, 14, 15]
[1, 9, 15]
[1.4142135623730951, 8, 15]
[1.4142135623730951, 22, 15]
}

Iteration 3:
{
[1, 29, 28]
[1, 34, 28]
[1, 22, 28]
[1.4142135623730951, 23, 28]
[1.4142135623730951, 35, 28]
}

Iteration 4:
{
[1, 15, 14]
[1, 13, 14]
[1, 8, 14]
[1.4142135623730951, 7, 14]
[1.4142135623730951, 9, 14]
[1.4142135623730951, 19, 14]
}

Iteration 5:
{
[1, 35, 34]
[1, 28, 34]
[1.4142135623730951, 29, 34]
}

Iteration 6:
{
[1, 24, 23]
[1, 29, 23]
[1, 22, 23]
[1, 17, 23]
[1.4142135623730951, 16, 23]
[1.4142135623730951, 18, 23]
[1.4142135623730951, 30, 23]
[1.4142135623730951, 28, 23]
}

Iteration 7:
{
[1, 18, 17]
[1, 23, 17]
[1, 16, 17]
[1.4142135623730951, 12, 17]
[1.4142135623730951, 24, 17]
[1.4142135623730951, 22, 17]
}

Iteration 8:
{
[1, 15, 9]
[1, 8, 9]
[1, 3, 9]
[1.4142135623730951, 4, 9]
[1.4142135623730951, 16, 9]
[1.4142135623730951, 14, 9]
}

Iteration 9:
{
[1, 30, 29]
[1, 35, 29]
[1, 28, 29]
[1, 23, 29]
[1.4142135623730951, 22, 29]
[1.4142135623730951, 24, 29]
[1.4142135623730951, 36, 29]
[1.4142135623730951, 34, 29]
}

Iteration 10:
{
[1, 25, 19]
[1, 13, 19]
[1.4142135623730951, 14, 19]
[1.4142135623730951, 26, 19]
}

Iteration 11:
{
[1, 26, 25]
[1, 31, 25]
[1, 19, 25]
[1.4142135623730951, 32, 25]
}

Iteration 12:
{
[1, 32, 26]
[1, 25, 26]
[1.4142135623730951, 19, 26]
[1.4142135623730951, 31, 26]
}

Iteration 13:
{
[1, 31, 32]
[1, 26, 32]
[1.4142135623730951, 25, 32]
}

Iteration 14:
{
[1, 14, 13]
[1, 19, 13]
[1, 7, 13]
[1.4142135623730951, 8, 13]
}

Iteration 15:
{
[1, 9, 8]
[1, 14, 8]
[1, 7, 8]
[1.4142135623730951, 1, 8]
[1.4142135623730951, 3, 8]
[1.4142135623730951, 15, 8]
[1.4142135623730951, 13, 8]
}

Iteration 16:
{
[1, 36, 35]
[1, 34, 35]
[1, 29, 35]
[1.4142135623730951, 28, 35]
[1.4142135623730951, 30, 35]
}

Iteration 17:
{
[1, 32, 31]
[1, 25, 31]
[1.4142135623730951, 26, 31]
}

Iteration 18:
{
[1, 30, 24]
[1, 23, 24]
[1, 18, 24]
[1.4142135623730951, 17, 24]
[1.4142135623730951, 29, 24]
}

Iteration 19:
{
[1, 36, 30]
[1, 29, 30]
[1, 24, 30]
[1.4142135623730951, 23, 30]
[1.4142135623730951, 35, 30]
}

Iteration 20:
{
[1, 24, 18]
[1, 17, 18]
[1, 12, 18]
[1.4142135623730951, 23, 18]
}

Iteration 21:
{
[1, 4, 3]
[1, 9, 3]
[1.4142135623730951, 8, 3]
}

Iteration 22:
{
[1, 8, 7]
[1, 13, 7]
[1, 1, 7]
[1.4142135623730951, 14, 7]
}

Iteration 23:
{
[1, 35, 36]
[1, 30, 36]
[1.4142135623730951, 29, 36]
}

Iteration 24:
{
[1, 18, 12]
[1, 6, 12]
[1.4142135623730951, 5, 12]
[1.4142135623730951, 17, 12]
}

Iteration 25:
{
[1, 5, 4]
[1, 3, 4]
[1.4142135623730951, 9, 4]
}

Iteration 26:
{
[1, 7, 1]
[1.4142135623730951, 8, 1]
}

Iteration 27:
{
[1, 6, 5]
[1, 4, 5]
[1.4142135623730951, 12, 5]
}

Iteration 28:
{
[1, 12, 6]
[1, 5, 6]
}

Iteration 0:
{
[1, 17, 16]
[1, 22, 16]
[1, 15, 16]
[1.4142135623730951, 9, 16]
[1.4142135623730951, 23, 16]
}

Iteration 1:
{
[1, 23, 22]
[1, 28, 22]
[1, 16, 22]
[1.4142135623730951, 15, 22]
[1.4142135623730951, 17, 22]
[1.4142135623730951, 29, 22]
}

Iteration 2:
{
[1, 16, 15]
[1, 14, 15]
[1, 9, 15]
[1.4142135623730951, 8, 15]
[1.4142135623730951, 22, 15]
}

Iteration 3:
{
[1, 29, 28]
[1, 34, 28]
[1, 22, 28]
[1.4142135623730951, 23, 28]
[1.4142135623730951, 35, 28]
}

Iteration 4:
{
[1, 15, 14]
[1, 13, 14]
[1, 8, 14]
[1.4142135623730951, 7, 14]
[1.4142135623730951, 9, 14]
[1.4142135623730951, 19, 14]
}

Iteration 5:
{
[1, 35, 34]
[1, 28, 34]
[1.4142135623730951, 29, 34]
}

Iteration 6:
{
[1, 24, 23]
[1, 29, 23]
[1, 22, 23]
[1, 17, 23]
[1.4142135623730951, 16, 23]
[1.4142135623730951, 18, 23]
[1.4142135623730951, 30, 23]
[1.4142135623730951, 28, 23]
}

Iteration 7:
{
[1, 18, 17]
[1, 23, 17]
[1, 16, 17]
[1.4142135623730951, 12, 17]
[1.4142135623730951, 24, 17]
[1.4142135623730951, 22, 17]
}

Iteration 8:
{
[1, 15, 9]
[1, 8, 9]
[1, 3, 9]
[1.4142135623730951, 4, 9]
[1.4142135623730951, 16, 9]
[1.4142135623730951, 14, 9]
}

Iteration 9:
{
[1, 30, 29]
[1, 35, 29]
[1, 28, 29]
[1, 23, 29]
[1.4142135623730951, 22, 29]
[1.4142135623730951, 24, 29]
[1.4142135623730951, 36, 29]
[1.4142135623730951, 34, 29]
}

Iteration 10:
{
[1, 25, 19]
[1, 13, 19]
[1.4142135623730951, 14, 19]
[1.4142135623730951, 26, 19]
}

Iteration 11:
{
[1, 26, 25]
[1, 31, 25]
[1, 19, 25]
[1.4142135623730951, 32, 25]
}

Iteration 12:
{
[1, 32, 26]
[1, 25, 26]
[1.4142135623730951, 19, 26]
[1.4142135623730951, 31, 26]
}

Iteration 13:
{
[1, 31, 32]
[1, 26, 32]
[1.4142135623730951, 25, 32]
}

Iteration 14:
{
[1, 14, 13]
[1, 19, 13]
[1, 7, 13]
[1.4142135623730951, 8, 13]
}

Iteration 15:
{
[1, 9, 8]
[1, 14, 8]
[1, 7, 8]
[1.4142135623730951, 1, 8]
[1.4142135623730951, 3, 8]
[1.4142135623730951, 15, 8]
[1.4142135623730951, 13, 8]
}

Iteration 16:
{
[1, 36, 35]
[1, 34, 35]
[1, 29, 35]
[1.4142135623730951, 28, 35]
[1.4142135623730951, 30, 35]
}

Iteration 17:
{
[1, 32, 31]
[1, 25, 31]
[1.4142135623730951, 26, 31]
}

Iteration 18:
{
[1, 30, 24]
[1, 23, 24]
[1, 18, 24]
[1.4142135623730951, 17, 24]
[1.4142135623730951, 29, 24]
}

Iteration 19:
{
[1, 36, 30]
[1, 29, 30]
[1, 24, 30]
[1.4142135623730951, 23, 30]
[1.4142135623730951, 35, 30]
}

Iteration 20:
{
[1, 24, 18]
[1, 17, 18]
[1, 12, 18]
[1.4142135623730951, 23, 18]
}

Iteration 21:
{
[1, 4, 3]
[1, 9, 3]
[1.4142135623730951, 8, 3]
}

Iteration 22:
{
[1, 8, 7]
[1, 13, 7]
[1, 1, 7]
[1.4142135623730951, 14, 7]
}

Iteration 23:
{
[1, 35, 36]
[1, 30, 36]
[1.4142135623730951, 29, 36]
}

Iteration 24:
{
[1, 18, 12]
[1, 6, 12]
[1.4142135623730951, 5, 12]
[1.4142135623730951, 17, 12]
}

Iteration 25:
{
[1, 5, 4]
[1, 3, 4]
[1.4142135623730951, 9, 4]
}

Iteration 26:
{
[1, 7, 1]
[1.4142135623730951, 8, 1]
}

Iteration 27:
{
[1, 6, 5]
[1, 4, 5]
[1.4142135623730951, 12, 5]
}

Iteration 28:
{
[1, 12, 6]
[1, 5, 6]
}

Iteration 0:
{
[1, 17, 16]
[1, 22, 16]
[1, 15, 16]
[1.4142135623730951, 9, 16]
[1.4142135623730951, 23, 16]
}

Iteration 1:
{
[1, 23, 22]
[1, 28, 22]
[1, 16, 22]
[1.4142135623730951, 15, 22]
[1.4142135623730951, 17, 22]
[1.4142135623730951, 29, 22]
}

Iteration 2:
{
[1, 16, 15]
[1, 14, 15]
[1, 9, 15]
[1.4142135623730951, 8, 15]
[1.4142135623730951, 22, 15]
}

Iteration 3:
{
[1, 29, 28]
[1, 34, 28]
[1, 22, 28]
[1.4142135623730951, 23, 28]
[1.4142135623730951, 35, 28]
}

Iteration 4:
{
[1, 15, 14]
[1, 13, 14]
[1, 8, 14]
[1.4142135623730951, 7, 14]
[1.4142135623730951, 9, 14]
[1.4142135623730951, 19, 14]
}

Iteration 5:
{
[1, 35, 34]
[1, 28, 34]
[1.4142135623730951, 29, 34]
}

Iteration 6:
{
[1, 24, 23]
[1, 29, 23]
[1, 22, 23]
[1, 17, 23]
[1.4142135623730951, 16, 23]
[1.4142135623730951, 18, 23]
[1.4142135623730951, 30, 23]
[1.4142135623730951, 28, 23]
}

Iteration 7:
{
[1, 18, 17]
[1, 23, 17]
[1, 16, 17]
[1.4142135623730951, 12, 17]
[1.4142135623730951, 24, 17]
[1.4142135623730951, 22, 17]
}

Iteration 8:
{
[1, 15, 9]
[1, 8, 9]
[1, 3, 9]
[1.4142135623730951, 4, 9]
[1.4142135623730951, 16, 9]
[1.4142135623730951, 14, 9]
}

Iteration 9:
{
[1, 30, 29]
[1, 35, 29]
[1, 28, 29]
[1, 23, 29]
[1.4142135623730951, 22, 29]
[1.4142135623730951, 24, 29]
[1.4142135623730951, 36, 29]
[1.4142135623730951, 34, 29]
}

Iteration 10:
{
[1, 25, 19]
[1, 13, 19]
[1.4142135623730951, 14, 19]
[1.4142135623730951, 26, 19]
}

Iteration 11:
{
[1, 26, 25]
[1, 31, 25]
[1, 19, 25]
[1.4142135623730951, 32, 25]
}

Iteration 12:
{
[1, 32, 26]
[1, 25, 26]
[1.4142135623730951, 19, 26]
[1.4142135623730951, 31, 26]
}

Iteration 13:
{
[1, 31, 32]
[1, 26, 32]
[1.4142135623730951, 25, 32]
}

Iteration 14:
{
[1, 14, 13]
[1, 19, 13]
[1, 7, 13]
[1.4142135623730951, 8, 13]
}

Iteration 15:
{
[1, 9, 8]
[1, 14, 8]
[1, 7, 8]
[1.4142135623730951, 1, 8]
[1.4142135623730951, 3, 8]
[1.4142135623730951, 15, 8]
[1.4142135623730951, 13, 8]
}

Iteration 16:
{
[1, 36, 35]
[1, 34, 35]
[1, 29, 35]
[1.4142135623730951, 28, 35]
[1.4142135623730951, 30, 35]
}

Iteration 17:
{
[1, 32, 31]
[1, 25, 31]
[1.4142135623730951, 26, 31]
}

Iteration 18:
{
[1, 30, 24]
[1, 23, 24]
[1, 18, 24]
[1.4142135623730951, 17, 24]
[1.4142135623730951, 29, 24]
}

Iteration 19:
{
[1, 36, 30]
[1, 29, 30]
[1, 24, 30]
[1.4142135623730951, 23, 30]
[1.4142135623730951, 35, 30]
}

Iteration 20:
{
[1, 24, 18]
[1, 17, 18]
[1, 12, 18]
[1.4142135623730951, 23, 18]
}

Iteration 21:
{
[1, 4, 3]
[1, 9, 3]
[1.4142135623730951, 8, 3]
}

Iteration 22:
{
[1, 8, 7]
[1, 13, 7]
[1, 1, 7]
[1.4142135623730951, 14, 7]
}

Iteration 23:
{
[1, 35, 36]
[1, 30, 36]
[1.4142135623730951, 29, 36]
}

Iteration 24:
{
[1, 18, 12]
[1, 6, 12]
[1.4142135623730951, 5, 12]
[1.4142135623730951, 17, 12]
}

Iteration 25:
{
[1, 5, 4]
[1, 3, 4]
[1.4142135623730951, 9, 4]
}

Iteration 26:
{
[1, 7, 1]
[1.4142135623730951, 8, 1]
}

Iteration 27:
{
[1, 6, 5]
[1, 4, 5]
[1.4142135623730951, 12, 5]
}

Iteration 28:
{
[1, 12, 6]
[1, 5, 6]
}

Iteration 0:
{
[1, 17, 16]
[1, 22, 16]
[1, 15, 16]
[1.4142135623730951, 9, 16]
[1.4142135623730951, 23, 16]
}

Iteration 1:
{
[1, 23, 22]
[1, 28, 22]
[1, 16, 22]
[1.4142135623730951, 15, 22]
[1.4142135623730951, 17, 22]
[1.4142135623730951, 29, 22]
}

Iteration 2:
{
[1, 16, 15]
[1, 14, 15]
[1, 9, 15]
[1.4142135623730951, 8, 15]
[1.4142135623730951, 22, 15]
}

Iteration 3:
{
[1, 29, 28]
[1, 34, 28]
[1, 22, 28]
[1.4142135623730951, 23, 28]
[1.4142135623730951, 35, 28]
}

Iteration 4:
{
[1, 15, 14]
[1, 13, 14]
[1, 8, 14]
[1.4142135623730951, 7, 14]
[1.4142135623730951, 9, 14]
[1.4142135623730951, 19, 14]
}

Iteration 5:
{
[1, 35, 34]
[1, 28, 34]
[1.4142135623730951, 29, 34]
}

Iteration 6:
{
[1, 24, 23]
[1, 29, 23]
[1, 22, 23]
[1, 17, 23]
[1.4142135623730951, 16, 23]
[1.4142135623730951, 18, 23]
[1.4142135623730951, 30, 23]
[1.4142135623730951, 28, 23]
}

Iteration 7:
{
[1, 18, 17]
[1, 23, 17]
[1, 16, 17]
[1.4142135623730951, 12, 17]
[1.4142135623730951, 24, 17]
[1.4142135623730951, 22, 17]
}

Iteration 8:
{
[1, 15, 9]
[1, 8, 9]
[1, 3, 9]
[1.4142135623730951, 4, 9]
[1.4142135623730951, 16, 9]
[1.4142135623730951, 14, 9]
}

Iteration 9:
{
[1, 30, 29]
[1, 35, 29]
[1, 28, 29]
[1, 23, 29]
[1.4142135623730951, 22, 29]
[1.4142135623730951, 24, 29]
[1.4142135623730951, 36, 29]
[1.4142135623730951, 34, 29]
}

Iteration 10:
{
[1, 25, 19]
[1, 13, 19]
[1.4142135623730951, 14, 19]
[1.4142135623730951, 26, 19]
}

Iteration 11:
{
[1, 26, 25]
[1, 31, 25]
[1, 19, 25]
[1.4142135623730951, 32, 25]
}

Iteration 12:
{
[1, 32, 26]
[1, 25, 26]
[1.4142135623730951, 19, 26]
[1.4142135623730951, 31, 26]
}

Iteration 13:
{
[1, 31, 32]
[1, 26, 32]
[1.4142135623730951, 25, 32]
}

Iteration 14:
{
[1, 14, 13]
[1, 19, 13]
[1, 7, 13]
[1.4142135623730951, 8, 13]
}

Iteration 15:
{
[1, 9, 8]
[1, 14, 8]
[1, 7, 8]
[1.4142135623730951, 1, 8]
[1.4142135623730951, 3, 8]
[1.4142135623730951, 15, 8]
[1.4142135623730951, 13, 8]
}

Iteration 16:
{
[1, 36, 35]
[1, 34, 35]
[1, 29, 35]
[1.4142135623730951, 28, 35]
[1.4142135623730951, 30, 35]
}

Iteration 17:
{
[1, 32, 31]
[1, 25, 31]
[1.4142135623730951, 26, 31]
}

Iteration 18:
{
[1, 30, 24]
[1, 23, 24]
[1, 18, 24]
[1.4142135623730951, 17, 24]
[1.4142135623730951, 29, 24]
}

Iteration 19:
{
[1, 36, 30]
[1, 29, 30]
[1, 24, 30]
[1.4142135623730951, 23, 30]
[1.4142135623730951, 35, 30]
}

Iteration 20:
{
[1, 24, 18]
[1, 17, 18]
[1, 12, 18]
[1.4142135623730951, 23, 18]
}

Iteration 21:
{
[1, 4, 3]
[1, 9, 3]
[1.4142135623730951, 8, 3]
}

Iteration 22:
{
[1, 8, 7]
[1, 13, 7]
[1, 1, 7]
[1.4142135623730951, 14, 7]
}

Iteration 23:
{
[1, 35, 36]
[1, 30, 36]
[1.4142135623730951, 29, 36]
}

Iteration 24:
{
[1, 18, 12]
[1, 6, 12]
[1.4142135623730951, 5, 12]
[1.4142135623730951, 17, 12]
}

Iteration 25:
{
[1, 5, 4]
[1, 3, 4]
[1.4142135623730951, 9, 4]
}

Iteration 26:
{
[1, 7, 1]
[1.4142135623730951, 8, 1]
}

Iteration 27:
{
[1, 6, 5]
[1, 4, 5]
[1.4142135623730951, 12, 5]
}

Iteration 28:
{
[1, 12, 6]
[1, 5, 6]
}

Iteration 0:
{
[1, 17, 16]
[1, 22, 16]
[1, 15, 16]
[1.4142135623730951, 9, 16]
[1.4142135623730951, 23, 16]
}

Iteration 1:
{
[1, 23, 22]
[1, 28, 22]
[1, 16, 22]
[1.4142135623730951, 15, 22]
[1.4142135623730951, 17, 22]
[1.4142135623730951, 29, 22]
}

Iteration 2:
{
[1, 16, 15]
[1, 14, 15]
[1, 9, 15]
[1.4142135623730951, 8, 15]
[1.4142135623730951, 22, 15]
}

Iteration 3:
{
[1, 29, 28]
[1, 34, 28]
[1, 22, 28]
[1.4142135623730951, 23, 28]
[1.4142135623730951, 35, 28]
}

Iteration 4:
{
[1, 15, 14]
[1, 13, 14]
[1, 8, 14]
[1.4142135623730951, 7, 14]
[1.4142135623730951, 9, 14]
[1.4142135623730951, 19, 14]
}

Iteration 5:
{
[1, 35, 34]
[1, 28, 34]
[1.4142135623730951, 29, 34]
}

Iteration 6:
{
[1, 24, 23]
[1, 29, 23]
[1, 22, 23]
[1, 17, 23]
[1.4142135623730951, 16, 23]
[1.4142135623730951, 18, 23]
[1.4142135623730951, 30, 23]
[1.4142135623730951, 28, 23]
}

Iteration 7:
{
[1, 18, 17]
[1, 23, 17]
[1, 16, 17]
[1.4142135623730951, 12, 17]
[1.4142135623730951, 24, 17]
[1.4142135623730951, 22, 17]
}

Iteration 8:
{
[1, 15, 9]
[1, 8, 9]
[1, 3, 9]
[1.4142135623730951, 4, 9]
[1.4142135623730951, 16, 9]
[1.4142135623730951, 14, 9]
}

Iteration 9:
{
[1, 30, 29]
[1, 35, 29]
[1, 28, 29]
[1, 23, 29]
[1.4142135623730951, 22, 29]
[1.4142135623730951, 24, 29]
[1.4142135623730951, 36, 29]
[1.4142135623730951, 34, 29]
}

Iteration 10:
{
[1, 25, 19]
[1, 13, 19]
[1.4142135623730951, 14, 19]
[1.4142135623730951, 26, 19]
}

Iteration 11:
{
[1, 26, 25]
[1, 31, 25]
[1, 19, 25]
[1.4142135623730951, 32, 25]
}

Iteration 12:
{
[1, 32, 26]
[1, 25, 26]
[1.4142135623730951, 19, 26]
[1.4142135623730951, 31, 26]
}

Iteration 13:
{
[1, 31, 32]
[1, 26, 32]
[1.4142135623730951, 25, 32]
}

Iteration 14:
{
[1, 14, 13]
[1, 19, 13]
[1, 7, 13]
[1.4142135623730951, 8, 13]
}

Iteration 15:
{
[1, 9, 8]
[1, 14, 8]
[1, 7, 8]
[1.4142135623730951, 1, 8]
[1.4142135623730951, 3, 8]
[1.4142135623730951, 15, 8]
[1.4142135623730951, 13, 8]
}

Iteration 16:
{
[1, 36, 35]
[1, 34, 35]
[1, 29, 35]
[1.4142135623730951, 28, 35]
[1.4142135623730951, 30, 35]
}

Iteration 17:
{
[1, 32, 31]
[1, 25, 31]
[1.4142135623730951, 26, 31]
}

Iteration 18:
{
[1, 30, 24]
[1, 23, 24]
[1, 18, 24]
[1.4142135623730951, 17, 24]
[1.4142135623730951, 29, 24]
}

Iteration 19:
{
[1, 36, 30]
[1, 29, 30]
[1, 24, 30]
[1.4142135623730951, 23, 30]
[1.4142135623730951, 35, 30]
}

Iteration 20:
{
[1, 24, 18]
[1, 17, 18]
[1, 12, 18]
[1.4142135623730951, 23, 18]
}

Iteration 21:
{
[1, 4, 3]
[1, 9, 3]
[1.4142135623730951, 8, 3]
}

Iteration 22:
{
[1, 8, 7]
[1, 13, 7]
[1, 1, 7]
[1.4142135623730951, 14, 7]
}

Iteration 23:
{
[1, 35, 36]
[1, 30, 36]
[1.4142135623730951, 29, 36]
}

Iteration 24:
{
[1, 18, 12]
[1, 6, 12]
[1.4142135623730951, 5, 12]
[1.4142135623730951, 17, 12]
}

Iteration 25:
{
[1, 5, 4]
[1, 3, 4]
[1.4142135623730951, 9, 4]
}

Iteration 26:
{
[1, 7, 1]
[1.4142135623730951, 8, 1]
}

Iteration 27:
{
[1, 6, 5]
[1, 4, 5]
[1.4142135623730951, 12, 5]
}

Iteration 28:
{
[1, 12, 6]
[1, 5, 6]
}

Iteration 0:
{
[1, 17, 16]
[1, 22, 16]
[1, 15, 16]
[1.4142135623730951, 9, 16]
[1.4142135623730951, 23, 16]
}

Iteration 1:
{
[1, 23, 22]
[1, 28, 22]
[1, 16, 22]
[1.4142135623730951, 15, 22]
[1.4142135623730951, 17, 22]
[1.4142135623730951, 29, 22]
}

Iteration 2:
{
[1, 16, 15]
[1, 14, 15]
[1, 9, 15]
[1.4142135623730951, 8, 15]
[1.4142135623730951, 22, 15]
}

Iteration 3:
{
[1, 29, 28]
[1, 34, 28]
[1, 22, 28]
[1.4142135623730951, 23, 28]
[1.4142135623730951, 35, 28]
}

Iteration 4:
{
[1, 15, 14]
[1, 13, 14]
[1, 8, 14]
[1.4142135623730951, 7, 14]
[1.4142135623730951, 9, 14]
[1.4142135623730951, 19, 14]
}

Iteration 5:
{
[1, 35, 34]
[1, 28, 34]
[1.4142135623730951, 29, 34]
}

Iteration 6:
{
[1, 24, 23]
[1, 29, 23]
[1, 22, 23]
[1, 17, 23]
[1.4142135623730951, 16, 23]
[1.4142135623730951, 18, 23]
[1.4142135623730951, 30, 23]
[1.4142135623730951, 28, 23]
}

Iteration 7:
{
[1, 18, 17]
[1, 23, 17]
[1, 16, 17]
[1.4142135623730951, 12, 17]
[1.4142135623730951, 24, 17]
[1.4142135623730951, 22, 17]
}

Iteration 8:
{
[1, 15, 9]
[1, 8, 9]
[1, 3, 9]
[1.4142135623730951, 4, 9]
[1.4142135623730951, 16, 9]
[1.4142135623730951, 14, 9]
}

Iteration 9:
{
[1, 30, 29]
[1, 35, 29]
[1, 28, 29]
[1, 23, 29]
[1.4142135623730951, 22, 29]
[1.4142135623730951, 24, 29]
[1.4142135623730951, 36, 29]
[1.4142135623730951, 34, 29]
}

Iteration 10:
{
[1, 25, 19]
[1, 13, 19]
[1.4142135623730951, 14, 19]
[1.4142135623730951, 26, 19]
}

Iteration 11:
{
[1, 26, 25]
[1, 31, 25]
[1, 19, 25]
[1.4142135623730951, 32, 25]
}

Iteration 12:
{
[1, 32, 26]
[1, 25, 26]
[1.4142135623730951, 19, 26]
[1.4142135623730951, 31, 26]
}

Iteration 13:
{
[1, 31, 32]
[1, 26, 32]
[1.4142135623730951, 25, 32]
}

Iteration 14:
{
[1, 14, 13]
[1, 19, 13]
[1, 7, 13]
[1.4142135623730951, 8, 13]
}

Iteration 15:
{
[1, 9, 8]
[1, 14, 8]
[1, 7, 8]
[1.4142135623730951, 1, 8]
[1.4142135623730951, 3, 8]
[1.4142135623730951, 15, 8]
[1.4142135623730951, 13, 8]
}

Iteration 16:
{
[1, 36, 35]
[1, 34, 35]
[1, 29, 35]
[1.4142135623730951, 28, 35]
[1.4142135623730951, 30, 35]
}

Iteration 17:
{
[1, 32, 31]
[1, 25, 31]
[1.4142135623730951, 26, 31]
}

Iteration 18:
{
[1, 30, 24]
[1, 23, 24]
[1, 18, 24]
[1.4142135623730951, 17, 24]
[1.4142135623730951, 29, 24]
}

Iteration 19:
{
[1, 36, 30]
[1, 29, 30]
[1, 24, 30]
[1.4142135623730951, 23, 30]
[1.4142135623730951, 35, 30]
}

Iteration 20:
{
[1, 24, 18]
[1, 17, 18]
[1, 12, 18]
[1.4142135623730951, 23, 18]
}

Iteration 21:
{
[1, 4, 3]
[1, 9, 3]
[1.4142135623730951, 8, 3]
}

Iteration 22:
{
[1, 8, 7]
[1, 13, 7]
[1, 1, 7]
[1.4142135623730951, 14, 7]
}

Iteration 23:
{
[1, 35, 36]
[1, 30, 36]
[1.4142135623730951, 29, 36]
}

Iteration 24:
{
[1, 18, 12]
[1, 6, 12]
[1.4142135623730951, 5, 12]
[1.4142135623730951, 17, 12]
}

Iteration 25:
{
[1, 5, 4]
[1, 3, 4]
[1.4142135623730951, 9, 4]
}

Iteration 26:
{
[1, 7, 1]
[1.4142135623730951, 8, 1]
}

Iteration 27:
{
[1, 6, 5]
[1, 4, 5]
[1.4142135623730951, 12, 5]
}

Iteration 28:
{
[1, 12, 6]
[1, 5, 6]
}

Iteration 0:
{
[1, 17, 16]
[1, 22, 16]
[1, 15, 16]
[1.4142135623730951, 9, 16]
[1.4142135623730951, 23, 16]
}

Iteration 1:
{
[1, 23, 22]
[1, 28, 22]
[1, 16, 22]
[1.4142135623730951, 15, 22]
[1.4142135623730951, 17, 22]
[1.4142135623730951, 29, 22]
}

Iteration 2:
{
[1, 16, 15]
[1, 14, 15]
[1, 9, 15]
[1.4142135623730951, 8, 15]
[1.4142135623730951, 22, 15]
}

Iteration 3:
{
[1, 29, 28]
[1, 34, 28]
[1, 22, 28]
[1.4142135623730951, 23, 28]
[1.4142135623730951, 35, 28]
}

Iteration 4:
{
[1, 15, 14]
[1, 13, 14]
[1, 8, 14]
[1.4142135623730951, 7, 14]
[1.4142135623730951, 9, 14]
[1.4142135623730951, 19, 14]
}

Iteration 5:
{
[1, 35, 34]
[1, 28, 34]
[1.4142135623730951, 29, 34]
}

Iteration 6:
{
[1, 24, 23]
[1, 29, 23]
[1, 22, 23]
[1, 17, 23]
[1.4142135623730951, 16, 23]
[1.4142135623730951, 18, 23]
[1.4142135623730951, 30, 23]
[1.4142135623730951, 28, 23]
}

Iteration 7:
{
[1, 18, 17]
[1, 23, 17]
[1, 16, 17]
[1.4142135623730951, 12, 17]
[1.4142135623730951, 24, 17]
[1.4142135623730951, 22, 17]
}

Iteration 8:
{
[1, 15, 9]
[1, 8, 9]
[1, 3, 9]
[1.4142135623730951, 4, 9]
[1.4142135623730951, 16, 9]
[1.4142135623730951, 14, 9]
}

Iteration 9:
{
[1, 30, 29]
[1, 35, 29]
[1, 28, 29]
[1, 23, 29]
[1.4142135623730951, 22, 29]
[1.4142135623730951, 24, 29]
[1.4142135623730951, 36, 29]
[1.4142135623730951, 34, 29]
}

Iteration 10:
{
[1, 25, 19]
[1, 13, 19]
[1.4142135623730951, 14, 19]
[1.4142135623730951, 26, 19]
}

Iteration 11:
{
[1, 26, 25]
[1, 31, 25]
[1, 19, 25]
[1.4142135623730951, 32, 25]
}

Iteration 12:
{
[1, 32, 26]
[1, 25, 26]
[1.4142135623730951, 19, 26]
[1.4142135623730951, 31, 26]
}

Iteration 13:
{
[1, 31, 32]
[1, 26, 32]
[1.4142135623730951, 25, 32]
}

Iteration 14:
{
[1, 14, 13]
[1, 19, 13]
[1, 7, 13]
[1.4142135623730951, 8, 13]
}

Iteration 15:
{
[1, 9, 8]
[1, 14, 8]
[1, 7, 8]
[1.4142135623730951, 1, 8]
[1.4142135623730951, 3, 8]
[1.4142135623730951, 15, 8]
[1.4142135623730951, 13, 8]
}

Iteration 16:
{
[1, 36, 35]
[1, 34, 35]
[1, 29, 35]
[1.4142135623730951, 28, 35]
[1.4142135623730951, 30, 35]
}

Iteration 17:
{
[1, 32, 31]
[1, 25, 31]
[1.4142135623730951, 26, 31]
}

Iteration 18:
{
[1, 30, 24]
[1, 23, 24]
[1, 18, 24]
[1.4142135623730951, 17, 24]
[1.4142135623730951, 29, 24]
}

Iteration 19:
{
[1, 36, 30]
[1, 29, 30]
[1, 24, 30]
[1.4142135623730951, 23, 30]
[1.4142135623730951, 35, 30]
}

Iteration 20:
{
[1, 24, 18]
[1, 17, 18]
[1, 12, 18]
[1.4142135623730951, 23, 18]
}

Iteration 21:
{
[1, 4, 3]
[1, 9, 3]
[1.4142135623730951, 8, 3]
}

Iteration 22:
{
[1, 8, 7]
[1, 13, 7]
[1, 1, 7]
[1.4142135623730951, 14, 7]
}

Iteration 23:
{
[1, 35, 36]
[1, 30, 36]
[1.4142135623730951, 29, 36]
}

Iteration 24:
{
[1, 18, 12]
[1, 6, 12]
[1.4142135623730951, 5, 12]
[1.4142135623730951, 17, 12]
}

Iteration 25:
{
[1, 5, 4]
[1, 3, 4]
[1.4142135623730951, 9, 4]
}

Iteration 26:
{
[1, 7, 1]
[1.4142135623730951, 8, 1]
}

Iteration 27:
{
[1, 6, 5]
[1, 4, 5]
[1.4142135623730951, 12, 5]
}

Iteration 28:
{
[1, 12, 6]
[1, 5, 6]
}

Iteration 0:
{
[1, 17, 16]
[1, 22, 16]
[1, 15, 16]
[1.4142135623730951, 9, 16]
[1.4142135623730951, 23, 16]
}

Iteration 1:
{
[1, 23, 22]
[1, 28, 22]
[1, 16, 22]
[1.4142135623730951, 15, 22]
[1.4142135623730951, 17, 22]
[1.4142135623730951, 29, 22]
}

Iteration 2:
{
[1, 16, 15]
[1, 14, 15]
[1, 9, 15]
[1.4142135623730951, 8, 15]
[1.4142135623730951, 22, 15]
}

Iteration 3:
{
[1, 29, 28]
[1, 34, 28]
[1, 22, 28]
[1.4142135623730951, 23, 28]
[1.4142135623730951, 35, 28]
}

Iteration 4:
{
[1, 15, 14]
[1, 13, 14]
[1, 8, 14]
[1.4142135623730951, 7, 14]
[1.4142135623730951, 9, 14]
[1.4142135623730951, 19, 14]
}

Iteration 5:
{
[1, 35, 34]
[1, 28, 34]
[1.4142135623730951, 29, 34]
}

Iteration 6:
{
[1, 24, 23]
[1, 29, 23]
[1, 22, 23]
[1, 17, 23]
[1.4142135623730951, 16, 23]
[1.4142135623730951, 18, 23]
[1.4142135623730951, 30, 23]
[1.4142135623730951, 28, 23]
}

Iteration 7:
{
[1, 18, 17]
[1, 23, 17]
[1, 16, 17]
[1.4142135623730951, 12, 17]
[1.4142135623730951, 24, 17]
[1.4142135623730951, 22, 17]
}

Iteration 8:
{
[1, 15, 9]
[1, 8, 9]
[1, 3, 9]
[1.4142135623730951, 4, 9]
[1.4142135623730951, 16, 9]
[1.4142135623730951, 14, 9]
}

Iteration 9:
{
[1, 30, 29]
[1, 35, 29]
[1, 28, 29]
[1, 23, 29]
[1.4142135623730951, 22, 29]
[1.4142135623730951, 24, 29]
[1.4142135623730951, 36, 29]
[1.4142135623730951, 34, 29]
}

Iteration 10:
{
[1, 25, 19]
[1, 13, 19]
[1.4142135623730951, 14, 19]
[1.4142135623730951, 26, 19]
}

Iteration 11:
{
[1, 26, 25]
[1, 31, 25]
[1, 19, 25]
[1.4142135623730951, 32, 25]
}

Iteration 12:
{
[1, 32, 26]
[1, 25, 26]
[1.4142135623730951, 19, 26]
[1.4142135623730951, 31, 26]
}

Iteration 13:
{
[1, 31, 32]
[1, 26, 32]
[1.4142135623730951, 25, 32]
}

Iteration 14:
{
[1, 14, 13]
[1, 19, 13]
[1, 7, 13]
[1.4142135623730951, 8, 13]
}

Iteration 15:
{
[1, 9, 8]
[1, 14, 8]
[1, 7, 8]
[1.4142135623730951, 1, 8]
[1.4142135623730951, 3, 8]
[1.4142135623730951, 15, 8]
[1.4142135623730951, 13, 8]
}

Iteration 16:
{
[1, 36, 35]
[1, 34, 35]
[1, 29, 35]
[1.4142135623730951, 28, 35]
[1.4142135623730951, 30, 35]
}

Iteration 17:
{
[1, 32, 31]
[1, 25, 31]
[1.4142135623730951, 26, 31]
}

Iteration 18:
{
[1, 30, 24]
[1, 23, 24]
[1, 18, 24]
[1.4142135623730951, 17, 24]
[1.4142135623730951, 29, 24]
}

Iteration 19:
{
[1, 36, 30]
[1, 29, 30]
[1, 24, 30]
[1.4142135623730951, 23, 30]
[1.4142135623730951, 35, 30]
}

Iteration 20:
{
[1, 24, 18]
[1, 17, 18]
[1, 12, 18]
[1.4142135623730951, 23, 18]
}

Iteration 21:
{
[1, 4, 3]
[1, 9, 3]
[1.4142135623730951, 8, 3]
}

Iteration 22:
{
[1, 8, 7]
[1, 13, 7]
[1, 1, 7]
[1.4142135623730951, 14, 7]
}

Iteration 23:
{
[1, 35, 36]
[1, 30, 36]
[1.4142135623730951, 29, 36]
}

Iteration 24:
{
[1, 18, 12]
[1, 6, 12]
[1.4142135623730951, 5, 12]
[1.4142135623730951, 17, 12]
}

Iteration 25:
{
[1, 5, 4]
[1, 3, 4]
[1.4142135623730951, 9, 4]
}

Iteration 26:
{
[1, 7, 1]
[1.4142135623730951, 8, 1]
}

Iteration 27:
{
[1, 6, 5]
[1, 4, 5]
[1.4142135623730951, 12, 5]
}

Iteration 28:
{
[1, 12, 6]
[1, 5, 6]
}

Iteration 0:
{
[1, 17, 16]
[1, 22, 16]
[1, 15, 16]
[1.4142135623730951, 9, 16]
[1.4142135623730951, 23, 16]
}

Iteration 1:
{
[1, 23, 22]
[1, 28, 22]
[1, 16, 22]
[1.4142135623730951, 15, 22]
[1.4142135623730951, 17, 22]
[1.4142135623730951, 29, 22]
}

Iteration 2:
{
[1, 16, 15]
[1, 14, 15]
[1, 9, 15]
[1.4142135623730951, 8, 15]
[1.4142135623730951, 22, 15]
}

Iteration 3:
{
[1, 29, 28]
[1, 34, 28]
[1, 22, 28]
[1.4142135623730951, 23, 28]
[1.4142135623730951, 35, 28]
}

Iteration 4:
{
[1, 15, 14]
[1, 13, 14]
[1, 8, 14]
[1.4142135623730951, 7, 14]
[1.4142135623730951, 9, 14]
[1.4142135623730951, 19, 14]
}

Iteration 5:
{
[1, 35, 34]
[1, 28, 34]
[1.4142135623730951, 29, 34]
}

Iteration 6:
{
[1, 24, 23]
[1, 29, 23]
[1, 22, 23]
[1, 17, 23]
[1.4142135623730951, 16, 23]
[1.4142135623730951, 18, 23]
[1.4142135623730951, 30, 23]
[1.4142135623730951, 28, 23]
}

Iteration 7:
{
[1, 18, 17]
[1, 23, 17]
[1, 16, 17]
[1.4142135623730951, 12, 17]
[1.4142135623730951, 24, 17]
[1.4142135623730951, 22, 17]
}

Iteration 8:
{
[1, 15, 9]
[1, 8, 9]
[1, 3, 9]
[1.4142135623730951, 4, 9]
[1.4142135623730951, 16, 9]
[1.4142135623730951, 14, 9]
}

Iteration 9:
{
[1, 30, 29]
[1, 35, 29]
[1, 28, 29]
[1, 23, 29]
[1.4142135623730951, 22, 29]
[1.4142135623730951, 24, 29]
[1.4142135623730951, 36, 29]
[1.4142135623730951, 34, 29]
}

Iteration 10:
{
[1, 25, 19]
[1, 13, 19]
[1.4142135623730951, 14, 19]
[1.4142135623730951, 26, 19]
}

Iteration 11:
{
[1, 26, 25]
[1, 31, 25]
[1, 19, 25]
[1.4142135623730951, 32, 25]
}

Iteration 12:
{
[1, 32, 26]
[1, 25, 26]
[1.4142135623730951, 19, 26]
[1.4142135623730951, 31, 26]
}

Iteration 13:
{
[1, 31, 32]
[1, 26, 32]
[1.4142135623730951, 25, 32]
}

Iteration 14:
{
[1, 14, 13]
[1, 19, 13]
[1, 7, 13]
[1.4142135623730951, 8, 13]
}

Iteration 15:
{
[1, 9, 8]
[1, 14, 8]
[1, 7, 8]
[1.4142135623730951, 1, 8]
[1.4142135623730951, 3, 8]
[1.4142135623730951, 15, 8]
[1.4142135623730951, 13, 8]
}

Iteration 16:
{
[1, 36, 35]
[1, 34, 35]
[1, 29, 35]
[1.4142135623730951, 28, 35]
[1.4142135623730951, 30, 35]
}

Iteration 17:
{
[1, 32, 31]
[1, 25, 31]
[1.4142135623730951, 26, 31]
}

Iteration 18:
{
[1, 30, 24]
[1, 23, 24]
[1, 18, 24]
[1.4142135623730951, 17, 24]
[1.4142135623730951, 29, 24]
}

Iteration 19:
{
[1, 36, 30]
[1, 29, 30]
[1, 24, 30]
[1.4142135623730951, 23, 30]
[1.4142135623730951, 35, 30]
}

Iteration 20:
{
[1, 24, 18]
[1, 17, 18]
[1, 12, 18]
[1.4142135623730951, 23, 18]
}

Iteration 21:
{
[1, 4, 3]
[1, 9, 3]
[1.4142135623730951, 8, 3]
}

Iteration 22:
{
[1, 8, 7]
[1, 13, 7]
[1, 1, 7]
[1.4142135623730951, 14, 7]
}

Iteration 23:
{
[1, 35, 36]
[1, 30, 36]
[1.4142135623730951, 29, 36]
}

Iteration 24:
{
[1, 18, 12]
[1, 6, 12]
[1.4142135623730951, 5, 12]
[1.4142135623730951, 17, 12]
}

Iteration 25:
{
[1, 5, 4]
[1, 3, 4]
[1.4142135623730951, 9, 4]
}

Iteration 26:
{
[1, 7, 1]
[1.4142135623730951, 8, 1]
}

Iteration 27:
{
[1, 6, 5]
[1, 4, 5]
[1.4142135623730951, 12, 5]
}

Iteration 28:
{
[1, 12, 6]
[1, 5, 6]
}

