Iteration 0: {5}
Iteration 1: {4, 5}
Iteration 2: {4, 5, 6}
Iteration 3: {12, 4, 5, 6}
Iteration 4: {3, 4, 5, 6, 12}
Iteration 5: {3, 4, 5, 6, 9, 12}
Iteration 6: {3, 4, 5, 6, 9, 12, 18}
Iteration 7: {3, 4, 5, 6, 9, 12, 17, 18}
Iteration 8: {2, 3, 4, 5, 6, 9, 12, 17, 18}
Iteration 9: {2, 3, 4, 5, 6, 8, 9, 12, 17, 18}
Iteration 10: {2, 3, 4, 5, 6, 8, 9, 12, 15, 17, 18}
Iteration 11: {2, 3, 4, 5, 6, 8, 9, 12, 15, 17, 18, 24}
Iteration 12: {2, 3, 4, 5, 6, 8, 9, 12, 14, 15, 17, 18, 24}
Iteration 13: {2, 3, 4, 5, 6, 8, 9, 12, 14, 15, 16, 17, 18, 24}
Iteration 14: {2, 3, 4, 5, 6, 8, 9, 12, 14, 15, 16, 17, 18, 23, 24}
Iteration 15: {1, 2, 3, 4, 5, 6, 8, 9, 12, 14, 15, 16, 17, 18, 23, 24}
Iteration 16: {1, 2, 3, 4, 5, 6, 8, 9, 12, 14, 15, 16, 17, 18, 22, 23, 24}
Iteration 17: {1, 2, 3, 4, 5, 6, 7, 8, 9, 12, 14, 15, 16, 17, 18, 22, 23, 24}
Iteration 18: {1, 2, 3, 4, 5, 6, 7, 8, 9, 12, 14, 15, 16, 17, 18, 22, 23, 24, 30}
Iteration 19: {1, 2, 3, 4, 5, 6, 7, 8, 9, 12, 13, 14, 15, 16, 17, 18, 22, 23, 24, 30}
Iteration 20: {1, 2, 3, 4, 5, 6, 7, 8, 9, 12, 13, 14, 15, 16, 17, 18, 22, 23, 24, 29, 30}
Iteration 21: {1, 2, 3, 4, 5, 6, 7, 8, 9, 12, 13, 14, 15, 16, 17, 18, 19, 22, 23, 24, 29, 30}
Iteration 22: {1, 2, 3, 4, 5, 6, 7, 8, 9, 12, 13, 14, 15, 16, 17, 18, 19, 22, 23, 24, 28, 29, 30}
Iteration 23: {1, 2, 3, 4, 5, 6, 7, 8, 9, 12, 13, 14, 15, 16, 17, 18, 19, 22, 23, 24, 28, 29, 30, 36}
Iteration 24: {1, 2, 3, 4, 5, 6, 7, 8, 9, 12, 13, 14, 15, 16, 17, 18, 19, 22, 23, 24, 28, 29, 30, 35, 36}
Iteration 25: {1, 2, 3, 4, 5, 6, 7, 8, 9, 12, 13, 14, 15, 16, 17, 18, 19, 22, 23, 24, 25, 28, 29, 30, 35, 36}
Iteration 26: {1, 2, 3, 4, 5, 6, 7, 8, 9, 12, 13, 14, 15, 16, 17, 18, 19, 22, 23, 24, 25, 28, 29, 30, 34, 35, 36}
Iteration 27: {1, 2, 3, 4, 5, 6, 7, 8, 9, 12, 13, 14, 15, 16, 17, 18, 19, 22, 23, 24, 25, 26, 28, 29, 30, 34, 35, 36}
Iteration 28: {1, 2, 3, 4, 5, 6, 7, 8, 9, 12, 13, 14, 15, 16, 17, 18, 19, 22, 23, 24, 25, 26, 28, 29, 30, 33, 34, 35, 36}
Iteration 29: {1, 2, 3, 4, 5, 6, 7, 8, 9, 12, 13, 14, 15, 16, 17, 18, 19, 22, 23, 24, 25, 26, 28, 29, 30, 31, 33, 34, 35, 36}
Iteration 30: {1, 2, 3, 4, 5, 6, 7, 8, 9, 12, 13, 14, 15, 16, 17, 18, 19, 22, 23, 24, 25, 26, 28, 29, 30, 31, 32, 33, 34, 35, 36}
