Iteration 0: 
{ 
[inf, 11, 5]
[inf, 10, 5]
[1, 4, 5]
[1, 6, 5]
[1.4142135623730951, 12, 5]
} 

Iteration 1: 
{ 
[inf, 10, 4]
[inf, 11, 4]
[1.4142135623730951, 9, 4]
[1, 5, 4]
[1, 3, 4]
} 

Iteration 2: 
{ 
[1, 12, 6]
[1, 5, 6]
[inf, 11, 6]
} 

Iteration 3: 
{ 
[inf, 11, 12]
[1, 6, 12]
[1, 18, 12]
[1.4142135623730951, 5, 12]
[1.4142135623730951, 17, 12]
} 

Iteration 4: 
{ 
[inf, 2, 3]
[1.4142135623730951, 8, 3]
[1.4142135623730951, 9, 3]
[1, 4, 3]
} 

Iteration 5: 
{ 
[inf, 2, 9]
[1, 3, 9]
[1, 15, 9]
[1, 8, 9]
[1.4142135623730951, 4, 9]
[1.4142135623730951, 14, 9]
[1.4142135623730951, 16, 9]
[inf, 10, 9]
} 

Iteration 6: 
{ 
[inf, 11, 18]
[1, 12, 18]
[1, 24, 18]
[1, 17, 18]
[1.4142135623730951, 23, 18]
} 

Iteration 7: 
{ 
[1, 23, 17]
[1, 18, 17]
[1, 16, 17]
[1.4142135623730951, 22, 17]
[1.4142135623730951, 24, 17]
} 

Iteration 8: 
{ 
[inf, 2, 8]
[1.4142135623730951, 1, 8]
[1, 7, 8]
[1.4142135623730951, 13, 8]
[1, 14, 8]
[1.4142135623730951, 15, 8]
[1, 9, 8]
[1.4142135623730951, 3, 8]
} 

Iteration 9: 
{ 
[1, 9, 15]
[1, 14, 15]
[1, 16, 15]
[1.4142135623730951, 22, 15]
[1.4142135623730951, 8, 15]
[inf, 20, 15]
[inf, 21, 15]
[inf, 10, 15]
} 

Iteration 10: 
{ 
[1.4142135623730951, 17, 24]
[1, 18, 24]
[1, 23, 24]
[1.4142135623730951, 29, 24]
[1, 30, 24]
} 

Iteration 11: 
{ 
[inf, 20, 14]
[1, 8, 14]
[1.4142135623730951, 9, 14]
[1, 15, 14]
[1, 13, 14]
[1.4142135623730951, 7, 14]
[1.4142135623730951, 19, 14]
[inf, 21, 14]
} 

Iteration 12: 
{ 
[1, 22, 16]
[1, 15, 16]
[1, 17, 16]
[1.4142135623730951, 9, 16]
[1.4142135623730951, 23, 16]
} 

Iteration 13: 
{ 
[1.4142135623730951, 16, 23]
[1, 17, 23]
[1.4142135623730951, 18, 23]
[1, 22, 23]
[1, 24, 23]
[1.4142135623730951, 28, 23]
[1, 29, 23]
[1.4142135623730951, 30, 23]
} 

Iteration 14: 
{ 
[1.4142135623730951, 15, 22]
[1, 16, 22]
[1.4142135623730951, 17, 22]
[1, 23, 22]
[1, 28, 22]
[1.4142135623730951, 29, 22]
[inf, 21, 22]
[inf, 27, 22]
} 

Iteration 15: 
{ 
[1, 1, 7]
[1, 8, 7]
[1.4142135623730951, 14, 7]
[1, 13, 7]
} 

Iteration 16: 
{ 
[1.4142135623730951, 23, 30]
[1, 24, 30]
[1, 29, 30]
[1.4142135623730951, 35, 30]
[1, 36, 30]
} 

Iteration 17: 
{ 
[1, 7, 1]
[inf, 2, 1]
[1.4142135623730951, 8, 1]
} 

Iteration 18: 
{ 
[inf, 20, 13]
[1, 7, 13]
[1, 14, 13]
[1, 19, 13]
[1.4142135623730951, 8, 13]
} 

Iteration 19: 
{ 
[1, 22, 29]
[1, 24, 29]
[1.4142135623730951, 28, 29]
[1, 29, 29]
[1.4142135623730951, 30, 29]
[1.4142135623730951, 34, 29]
[1, 35, 29]
[1.4142135623730951, 36, 29]
} 

Iteration 20: 
{ 
[inf, 20, 19]
[1, 13, 19]
[1.4142135623730951, 14, 19]
[1, 25, 19]
[1.4142135623730951, 26, 19]
} 

Iteration 21: 
{ 
[1, 22, 28]
[1.4142135623730951, 23, 28]
[1, 29, 28]
[1.4142135623730951, 33, 28]
[1, 34, 28]
[1.4142135623730951, 35, 28]
[inf, 21, 28]
[inf, 27, 28]
} 

Iteration 22: 
{ 
[1.4142135623730951, 29, 36]
[1, 30, 36]
[1, 35, 36]
} 

Iteration 23: 
{ 
[1.4142135623730951, 28, 35]
[1, 29, 35]
[1.4142135623730951, 30, 35]
[1, 34, 35]
[1, 36, 35]
} 

Iteration 24: 
{ 
[1, 19, 25]
[1, 26, 25]
[1, 31, 25]
[1.4142135623730951, 32, 25]
[inf, 20, 25]
} 

Iteration 25: 
{ 
[1, 28, 34]
[1.4142135623730951, 29, 34]
[1, 33, 34]
[1, 35, 34]
[inf, 27, 34]
} 

Iteration 26: 
{ 
[1.4142135623730951, 19, 26]
[1, 25, 26]
[1.4142135623730951, 31, 26]
[1, 32, 26]
[1.4142135623730951, 33, 26]
[inf, 20, 26]
[inf, 21, 26]
[inf, 27, 26]
} 

Iteration 27: 
{ 
[1.4142135623730951, 26, 33]
[1.4142135623730951, 28, 33]
[1, 32, 33]
[1, 34, 33]
[inf, 27, 33]
} 

Iteration 28: 
{ 
[1, 25, 31]
[1.4142135623730951, 26, 31]
[1, 32, 31]
} 

Iteration 29: 
{ 
[1.4142135623730951, 25, 32]
[1, 26, 32]
[1, 31, 32]
[1, 33, 32]
[inf, 27, 32]
} 

