Iteration 1:
Open set: [(29.698484809834998, 12, [5]), (37.76955262170047, 6, [5]), (inf, 10, [5]), (inf, 11, [5]), (40.59797974644666, 4, [5])]

Iteration 2:
Open set: [(37.76955262170047, 6, [5]), (40.59797974644666, 4, [5]), (50.49747468305833, 18, [5, 12]), (52.32590180780452, 17, [5, 12]), (inf, 11, [5, 12]), (inf, 10, [5]), (67.46803743153546, 6, [5, 12]), (inf, 11, [5])]

Iteration 3:
Open set: [(40.59797974644666, 4, [5]), (52.32590180780452, 17, [5, 12]), (50.49747468305833, 18, [5, 12]), (inf, 11, [5]), (inf, 11, [5, 12]), (inf, 10, [5]), (67.46803743153546, 6, [5, 12]), (inf, 11, [5, 6])]

Iteration 4:
Open set: [(50.49747468305833, 18, [5, 12]), (52.32590180780452, 17, [5, 12]), (67.46803743153546, 6, [5, 12]), (inf, 10, [5, 4]), (74.53910524340094, 9, [5, 4]), (inf, 10, [5]), (inf, 11, [5, 6]), (inf, 11, [5]), (inf, 11, [5, 4]), (inf, 11, [5, 12]), (82.61017305526642, 3, [5, 4])]

Iteration 5:
Open set: [(52.32590180780452, 17, [5, 12]), (74.53910524340094, 9, [5, 4]), (62.81118318204309, 24, [5, 12, 18]), (inf, 10, [5, 4]), (82.61017305526642, 3, [5, 4]), (67.46803743153546, 6, [5, 12]), (64.63961030678928, 23, [5, 12, 18]), (inf, 11, [5]), (inf, 11, [5, 4]), (inf, 11, [5, 12]), (inf, 11, [5, 12, 18]), (inf, 10, [5]), (72.71067811865476, 17, [5, 12, 18]), (inf, 11, [5, 6])]

Iteration 6:
Open set: [(62.81118318204309, 24, [5, 12, 18]), (65.05382386916237, 24, [5, 12, 17]), (64.63961030678928, 23, [5, 12, 18]), (67.88225099390857, 22, [5, 12, 17]), (82.61017305526642, 3, [5, 4]), (67.46803743153546, 6, [5, 12]), (66.05382386916237, 23, [5, 12, 17]), (74.53910524340094, 9, [5, 4]), (inf, 11, [5, 4]), (inf, 11, [5, 12]), (inf, 11, [5, 12, 18]), (inf, 10, [5]), (72.71067811865476, 17, [5, 12, 18]), (inf, 11, [5, 6]), (75.95331880577405, 16, [5, 12, 17]), (inf, 11, [5]), (inf, 10, [5, 4])]

Iteration 7:
Open set: [(64.63961030678928, 23, [5, 12, 18]), (65.05382386916237, 24, [5, 12, 17]), (66.05382386916237, 23, [5, 12, 17]), (66.63961030678928, 30, [5, 12, 18, 24]), (82.61017305526642, 3, [5, 4]), (67.46803743153546, 6, [5, 12]), (75.95331880577405, 16, [5, 12, 17]), (74.53910524340094, 9, [5, 4]), (67.88225099390857, 22, [5, 12, 17]), (inf, 11, [5, 12]), (inf, 11, [5, 12, 18]), (inf, 10, [5]), (72.71067811865476, 17, [5, 12, 18]), (inf, 11, [5, 6]), (inf, 10, [5, 4]), (inf, 11, [5]), (76.53910524340094, 23, [5, 12, 18, 24]), (inf, 11, [5, 4]), (68.46803743153548, 29, [5, 12, 18, 24])]

Iteration 8:
Open set: [(65.05382386916237, 24, [5, 12, 17]), (66.63961030678928, 30, [5, 12, 18, 24]), (66.05382386916237, 23, [5, 12, 17]), (67.88225099390857, 22, [5, 12, 17]), (68.88225099390856, 30, [5, 12, 18, 23]), (67.46803743153546, 6, [5, 12]), (75.95331880577405, 16, [5, 12, 17]), (74.53910524340094, 9, [5, 4]), (68.46803743153548, 29, [5, 12, 18, 24]), (79.78174593052023, 22, [5, 12, 18, 23]), (69.88225099390857, 29, [5, 12, 18, 23]), (inf, 10, [5]), (72.71067811865476, 17, [5, 12, 18]), (inf, 11, [5, 6]), (inf, 10, [5, 4]), (inf, 11, [5]), (76.53910524340094, 23, [5, 12, 18, 24]), (inf, 11, [5, 4]), (88.68124086713189, 16, [5, 12, 18, 23]), (inf, 11, [5, 12]), (82.61017305526642, 3, [5, 4]), (inf, 11, [5, 12, 18]), (71.71067811865476, 28, [5, 12, 18, 23])]

Iteration 9:
Open set: [(67.46803743153546, 6, [5, 12]), (67.88225099390857, 22, [5, 12, 17]), (71.71067811865476, 28, [5, 12, 18, 23]), (68.46803743153548, 29, [5, 12, 18, 24]), (68.88225099390856, 30, [5, 12, 18, 23]), (72.71067811865476, 17, [5, 12, 18]), (75.95331880577405, 16, [5, 12, 17]), (74.53910524340094, 9, [5, 4]), (88.68124086713189, 16, [5, 12, 18, 23]), (71.88225099390857, 29, [5, 12, 18, 24, 30]), (69.88225099390857, 29, [5, 12, 18, 23]), (inf, 10, [5]), (82.61017305526642, 3, [5, 4]), (inf, 11, [5, 6]), (inf, 10, [5, 4]), (inf, 11, [5]), (76.53910524340094, 23, [5, 12, 18, 24]), (inf, 11, [5, 4]), (inf, 11, [5, 12, 18]), (inf, 11, [5, 12]), (79.78174593052023, 22, [5, 12, 18, 23]), (72.29646455628166, 35, [5, 12, 18, 24, 30]), (73.29646455628166, 36, [5, 12, 18, 24, 30])]

Iteration 10:
Open set: [(68.46803743153548, 29, [5, 12, 18, 24]), (68.88225099390856, 30, [5, 12, 18, 23]), (71.71067811865476, 28, [5, 12, 18, 23]), (73.29646455628166, 36, [5, 12, 18, 24, 30]), (69.88225099390857, 29, [5, 12, 18, 23]), (72.71067811865476, 17, [5, 12, 18]), (75.95331880577405, 16, [5, 12, 17]), (74.53910524340094, 9, [5, 4]), (88.68124086713189, 16, [5, 12, 18, 23]), (71.88225099390857, 29, [5, 12, 18, 24, 30]), (72.29646455628166, 35, [5, 12, 18, 24, 30]), (73.53910524340095, 29, [5, 12, 17, 22]), (82.61017305526642, 3, [5, 4]), (inf, 11, [5, 6]), (inf, 10, [5, 4]), (inf, 11, [5]), (76.53910524340094, 23, [5, 12, 18, 24]), (inf, 11, [5, 4]), (inf, 11, [5, 12, 18]), (inf, 11, [5, 12]), (79.78174593052023, 22, [5, 12, 18, 23]), (93.33809511662427, 15, [5, 12, 17, 22]), (91.50966799187809, 16, [5, 12, 17, 22]), (inf, 10, [5]), (74.53910524340095, 28, [5, 12, 17, 22]), (inf, 21, [5, 12, 17, 22]), (inf, 27, [5, 12, 17, 22])]

Iteration 11:
Open set: [(68.88225099390856, 30, [5, 12, 18, 23]), (69.88225099390857, 29, [5, 12, 18, 23]), (71.71067811865476, 28, [5, 12, 18, 23]), (73.29646455628166, 36, [5, 12, 18, 24, 30]), (71.88225099390857, 29, [5, 12, 18, 24, 30]), (72.71067811865476, 17, [5, 12, 18]), (72.71067811865476, 34, [5, 12, 18, 24, 29]), (74.53910524340094, 9, [5, 4]), (88.68124086713189, 16, [5, 12, 18, 23]), (79.78174593052023, 22, [5, 12, 18, 23]), (72.29646455628166, 35, [5, 12, 18, 24, 30]), (73.53910524340095, 29, [5, 12, 17, 22]), (75.53910524340095, 28, [5, 12, 18, 24, 29]), (73.71067811865477, 35, [5, 12, 18, 24, 29]), (75.53910524340095, 36, [5, 12, 18, 24, 29]), (inf, 11, [5]), (76.53910524340094, 23, [5, 12, 18, 24]), (inf, 11, [5, 4]), (inf, 11, [5, 12, 18]), (inf, 11, [5, 12]), (inf, 27, [5, 12, 17, 22]), (93.33809511662427, 15, [5, 12, 17, 22]), (91.50966799187809, 16, [5, 12, 17, 22]), (inf, 10, [5]), (74.53910524340095, 28, [5, 12, 17, 22]), (inf, 21, [5, 12, 17, 22]), (82.61017305526642, 3, [5, 4]), (inf, 11, [5, 6]), (75.95331880577405, 16, [5, 12, 17]), (inf, 10, [5, 4])]

Iteration 12:
Open set: [(71.88225099390857, 29, [5, 12, 18, 24, 30]), (72.29646455628166, 35, [5, 12, 18, 24, 30]), (72.71067811865476, 17, [5, 12, 18]), (73.29646455628166, 36, [5, 12, 18, 24, 30]), (79.78174593052023, 22, [5, 12, 18, 23]), (73.53910524340095, 29, [5, 12, 17, 22]), (72.71067811865476, 34, [5, 12, 18, 24, 29]), (74.53910524340094, 9, [5, 4]), (88.68124086713189, 16, [5, 12, 18, 23]), (inf, 11, [5, 6]), (91.50966799187809, 16, [5, 12, 17, 22]), (74.53910524340095, 28, [5, 12, 17, 22]), (75.53910524340095, 28, [5, 12, 18, 24, 29]), (73.71067811865477, 35, [5, 12, 18, 24, 29]), (75.53910524340095, 36, [5, 12, 18, 24, 29]), (inf, 11, [5]), (76.53910524340094, 23, [5, 12, 18, 24]), (inf, 11, [5, 4]), (inf, 11, [5, 12, 18]), (inf, 11, [5, 12]), (inf, 27, [5, 12, 17, 22]), (93.33809511662427, 15, [5, 12, 17, 22]), (inf, 10, [5, 4]), (inf, 10, [5]), (75.95331880577405, 16, [5, 12, 17]), (inf, 21, [5, 12, 17, 22]), (82.61017305526642, 3, [5, 4]), (inf, 33, [5, 12, 18, 23, 28]), (75.53910524340094, 34, [5, 12, 18, 23, 28]), (77.36753236814714, 35, [5, 12, 18, 23, 28]), (inf, 21, [5, 12, 18, 23, 28]), (inf, 27, [5, 12, 18, 23, 28])]

Iteration 13:
Open set: [(72.71067811865476, 17, [5, 12, 18]), (73.29646455628166, 36, [5, 12, 18, 24, 30]), (72.71067811865476, 34, [5, 12, 18, 24, 29]), (74.53910524340094, 9, [5, 4]), (79.78174593052023, 22, [5, 12, 18, 23]), (73.53910524340095, 29, [5, 12, 17, 22]), (73.71067811865477, 35, [5, 12, 18, 24, 29]), (76.53910524340094, 23, [5, 12, 18, 24]), (88.68124086713189, 16, [5, 12, 18, 23]), (inf, 11, [5, 6]), (91.50966799187809, 16, [5, 12, 17, 22]), (74.53910524340095, 28, [5, 12, 17, 22]), (75.53910524340095, 28, [5, 12, 18, 24, 29]), (75.53910524340094, 34, [5, 12, 18, 23, 28]), (75.53910524340095, 36, [5, 12, 18, 24, 29]), (78.95331880577405, 36, [5, 12, 18, 24, 30, 35]), (inf, 27, [5, 12, 18, 23, 28]), (inf, 11, [5, 4]), (inf, 11, [5, 12, 18]), (inf, 11, [5, 12]), (inf, 27, [5, 12, 17, 22]), (93.33809511662427, 15, [5, 12, 17, 22]), (inf, 10, [5, 4]), (inf, 10, [5]), (75.95331880577405, 16, [5, 12, 17]), (inf, 21, [5, 12, 17, 22]), (82.61017305526642, 3, [5, 4]), (inf, 33, [5, 12, 18, 23, 28]), (inf, 21, [5, 12, 18, 23, 28]), (77.36753236814714, 35, [5, 12, 18, 23, 28]), (76.12489168102785, 34, [5, 12, 18, 24, 30, 35]), (inf, 11, [5])]

Iteration 14:
Open set: [(73.29646455628166, 36, [5, 12, 18, 24, 30]), (74.53910524340094, 9, [5, 4]), (73.53910524340095, 29, [5, 12, 17, 22]), (76.12489168102785, 34, [5, 12, 18, 24, 30, 35]), (79.78174593052023, 22, [5, 12, 18, 23]), (74.53910524340095, 28, [5, 12, 17, 22]), (73.71067811865477, 35, [5, 12, 18, 24, 29]), (76.53910524340094, 23, [5, 12, 18, 24]), (88.68124086713189, 16, [5, 12, 18, 23]), (inf, 11, [5, 6]), (91.50966799187809, 16, [5, 12, 17, 22]), (75.95331880577405, 16, [5, 12, 17]), (75.53910524340095, 28, [5, 12, 18, 24, 29]), (75.53910524340094, 34, [5, 12, 18, 23, 28]), (75.53910524340095, 36, [5, 12, 18, 24, 29]), (78.95331880577405, 36, [5, 12, 18, 24, 30, 35]), (inf, 27, [5, 12, 18, 23, 28]), (inf, 11, [5, 4]), (inf, 11, [5, 12, 18]), (inf, 11, [5, 12]), (inf, 27, [5, 12, 17, 22]), (93.33809511662427, 15, [5, 12, 17, 22]), (inf, 10, [5, 4]), (inf, 10, [5]), (inf, 11, [5]), (inf, 21, [5, 12, 17, 22]), (82.61017305526642, 3, [5, 4]), (inf, 33, [5, 12, 18, 23, 28]), (inf, 21, [5, 12, 18, 23, 28]), (77.36753236814714, 35, [5, 12, 18, 23, 28]), (inf, 33, [5, 12, 18, 24, 29, 34]), (inf, 27, [5, 12, 18, 24, 29, 34])]

Iteration 15:
Open set: [(73.53910524340095, 29, [5, 12, 17, 22]), (74.53910524340094, 9, [5, 4]), (73.71067811865477, 35, [5, 12, 18, 24, 29]), (76.12489168102785, 34, [5, 12, 18, 24, 30, 35]), (79.78174593052023, 22, [5, 12, 18, 23]), (74.53910524340095, 28, [5, 12, 17, 22]), (75.53910524340094, 34, [5, 12, 18, 23, 28]), (76.53910524340094, 23, [5, 12, 18, 24]), (88.68124086713189, 16, [5, 12, 18, 23]), (inf, 11, [5, 6]), (91.50966799187809, 16, [5, 12, 17, 22]), (75.95331880577405, 16, [5, 12, 17]), (75.53910524340095, 28, [5, 12, 18, 24, 29]), (inf, 21, [5, 12, 18, 23, 28]), (75.53910524340095, 36, [5, 12, 18, 24, 29]), (78.95331880577405, 36, [5, 12, 18, 24, 30, 35]), (inf, 27, [5, 12, 18, 23, 28]), (inf, 11, [5, 4]), (inf, 11, [5, 12, 18]), (inf, 11, [5, 12]), (inf, 27, [5, 12, 17, 22]), (93.33809511662427, 15, [5, 12, 17, 22]), (inf, 10, [5, 4]), (inf, 10, [5]), (inf, 11, [5]), (inf, 21, [5, 12, 17, 22]), (82.61017305526642, 3, [5, 4]), (inf, 33, [5, 12, 18, 23, 28]), (inf, 27, [5, 12, 18, 24, 29, 34]), (77.36753236814714, 35, [5, 12, 18, 23, 28]), (inf, 33, [5, 12, 18, 24, 29, 34])]

Iteration 16:
Open set: [(74.53910524340095, 28, [5, 12, 17, 22]), (76.12489168102785, 34, [5, 12, 18, 24, 30, 35]), (75.53910524340094, 34, [5, 12, 18, 23, 28]), (76.53910524340094, 23, [5, 12, 18, 24]), (79.78174593052023, 22, [5, 12, 18, 23]), (75.53910524340095, 28, [5, 12, 18, 24, 29]), (75.53910524340095, 36, [5, 12, 18, 24, 29]), (77.36753236814714, 35, [5, 12, 18, 23, 28]), (88.68124086713189, 16, [5, 12, 18, 23]), (inf, 11, [5, 6]), (91.50966799187809, 16, [5, 12, 17, 22]), (75.95331880577405, 16, [5, 12, 17]), (82.61017305526642, 3, [5, 4]), (inf, 2, [5, 4, 9]), (99.58073580374355, 15, [5, 4, 9]), (78.95331880577405, 36, [5, 12, 18, 24, 30, 35]), (98.58073580374355, 16, [5, 4, 9]), (inf, 11, [5, 4]), (inf, 11, [5, 12, 18]), (inf, 11, [5, 12]), (inf, 27, [5, 12, 17, 22]), (93.33809511662427, 15, [5, 12, 17, 22]), (inf, 10, [5, 4]), (inf, 10, [5]), (inf, 11, [5]), (inf, 21, [5, 12, 17, 22]), (inf, 33, [5, 12, 18, 24, 29, 34]), (inf, 33, [5, 12, 18, 23, 28]), (inf, 21, [5, 12, 18, 23, 28]), (inf, 27, [5, 12, 18, 24, 29, 34]), (116.55129855222069, 3, [5, 4, 9]), (109.48023074035521, 8, [5, 4, 9]), (101.40916292848974, 14, [5, 4, 9]), (inf, 27, [5, 12, 18, 23, 28]), (inf, 10, [5, 4, 9])]

Iteration 17:
Open set: [(76.12489168102785, 34, [5, 12, 18, 24, 30, 35]), (76.53910524340094, 23, [5, 12, 18, 24]), (82.61017305526642, 3, [5, 4]), (77.36753236814714, 35, [5, 12, 18, 23, 28]), (79.78174593052023, 22, [5, 12, 18, 23]), (101.40916292848974, 14, [5, 4, 9]), (99.58073580374355, 15, [5, 4, 9]), (78.95331880577405, 36, [5, 12, 18, 24, 30, 35]), (88.68124086713189, 16, [5, 12, 18, 23]), (inf, 11, [5, 6]), (91.50966799187809, 16, [5, 12, 17, 22]), (inf, 10, [5]), (109.48023074035521, 8, [5, 4, 9]), (inf, 2, [5, 4, 9]), (100.99494936611666, 15, [5, 12, 17, 16]), (inf, 27, [5, 12, 18, 23, 28]), (98.58073580374355, 16, [5, 4, 9]), (inf, 11, [5, 4]), (inf, 11, [5, 12, 18]), (inf, 11, [5, 12]), (inf, 27, [5, 12, 17, 22]), (93.33809511662427, 15, [5, 12, 17, 22]), (inf, 10, [5, 4]), (inf, 10, [5, 4, 9]), (inf, 11, [5]), (inf, 21, [5, 12, 17, 22]), (inf, 33, [5, 12, 18, 24, 29, 34]), (inf, 33, [5, 12, 18, 23, 28]), (inf, 21, [5, 12, 18, 23, 28]), (inf, 27, [5, 12, 18, 24, 29, 34]), (116.55129855222069, 3, [5, 4, 9])]

Iteration 18:
Open set: [(88.68124086713189, 16, [5, 12, 18, 23]), (91.50966799187809, 16, [5, 12, 17, 22]), (99.58073580374355, 15, [5, 4, 9]), (98.58073580374355, 16, [5, 4, 9]), (93.33809511662427, 15, [5, 12, 17, 22]), (101.40916292848974, 14, [5, 4, 9]), (100.99494936611666, 15, [5, 12, 17, 16]), (116.55129855222069, 3, [5, 4, 9]), (inf, 11, [5, 4]), (inf, 11, [5, 6]), (inf, 10, [5, 4]), (inf, 10, [5]), (109.48023074035521, 8, [5, 4, 9]), (inf, 2, [5, 4, 9]), (inf, 33, [5, 12, 18, 24, 29, 34]), (inf, 27, [5, 12, 18, 23, 28]), (inf, 33, [5, 12, 18, 23, 28]), (inf, 27, [5, 12, 18, 24, 29, 34]), (inf, 11, [5, 12, 18]), (inf, 11, [5, 12]), (inf, 27, [5, 12, 17, 22]), (inf, 21, [5, 12, 18, 23, 28]), (inf, 21, [5, 12, 17, 22]), (inf, 10, [5, 4, 9]), (inf, 11, [5]), (inf, 2, [5, 4, 3]), (117.96551211459379, 8, [5, 4, 3])]

Iteration 19:
Open set: [(98.58073580374355, 16, [5, 4, 9]), (116.55129855222069, 3, [5, 4, 9]), (99.58073580374355, 15, [5, 4, 9]), (inf, 2, [5, 4, 3]), (117.96551211459379, 8, [5, 4, 3]), (101.40916292848974, 14, [5, 4, 9]), (100.99494936611666, 15, [5, 12, 17, 16]), (inf, 11, [5]), (inf, 11, [5, 4]), (inf, 11, [5, 6]), (inf, 10, [5, 4]), (119.79393923933998, 14, [5, 12, 17, 22, 15]), (109.48023074035521, 8, [5, 4, 9]), (inf, 2, [5, 4, 9]), (inf, 33, [5, 12, 18, 24, 29, 34]), (inf, 27, [5, 12, 18, 23, 28]), (inf, 33, [5, 12, 18, 23, 28]), (inf, 27, [5, 12, 18, 24, 29, 34]), (inf, 11, [5, 12, 18]), (inf, 11, [5, 12]), (inf, 27, [5, 12, 17, 22]), (inf, 21, [5, 12, 18, 23, 28]), (inf, 21, [5, 12, 17, 22]), (inf, 10, [5, 4, 9]), (inf, 10, [5]), (128.69343417595164, 8, [5, 12, 17, 22, 15]), (inf, 20, [5, 12, 17, 22, 15]), (inf, 21, [5, 12, 17, 22, 15]), (inf, 10, [5, 12, 17, 22, 15])]

Iteration 20:
Open set: [(109.48023074035521, 8, [5, 4, 9]), (116.55129855222069, 3, [5, 4, 9]), (119.79393923933998, 14, [5, 12, 17, 22, 15]), (inf, 2, [5, 4, 3]), (117.96551211459379, 8, [5, 4, 3]), (128.69343417595164, 8, [5, 12, 17, 22, 15]), (121.20815280171306, 19, [5, 4, 9, 14]), (inf, 11, [5]), (inf, 11, [5, 4]), (inf, 11, [5, 6]), (inf, 10, [5, 4]), (inf, 10, [5]), (136.350288425444, 8, [5, 4, 9, 14]), (138.1787155501902, 7, [5, 4, 9, 14]), (129.27922061357853, 13, [5, 4, 9, 14]), (inf, 27, [5, 12, 18, 23, 28]), (inf, 33, [5, 12, 18, 23, 28]), (inf, 27, [5, 12, 18, 24, 29, 34]), (inf, 11, [5, 12, 18]), (inf, 11, [5, 12]), (inf, 27, [5, 12, 17, 22]), (inf, 21, [5, 12, 18, 23, 28]), (inf, 21, [5, 12, 17, 22]), (inf, 10, [5, 4, 9]), (inf, 20, [5, 12, 17, 22, 15]), (inf, 21, [5, 12, 17, 22, 15]), (inf, 20, [5, 4, 9, 14]), (inf, 10, [5, 12, 17, 22, 15]), (inf, 2, [5, 4, 9]), (inf, 33, [5, 12, 18, 24, 29, 34]), (inf, 21, [5, 4, 9, 14])]

Iteration 21:
Open set: [(116.55129855222069, 3, [5, 4, 9]), (117.96551211459379, 8, [5, 4, 3]), (119.79393923933998, 14, [5, 12, 17, 22, 15]), (137.7645019878171, 13, [5, 4, 9, 8]), (inf, 10, [5, 4]), (128.69343417595164, 8, [5, 12, 17, 22, 15]), (121.20815280171306, 19, [5, 4, 9, 14]), (145.8355697996826, 7, [5, 4, 9, 8]), (inf, 11, [5, 4]), (inf, 11, [5, 6]), (inf, 21, [5, 4, 9, 14]), (inf, 10, [5]), (136.350288425444, 8, [5, 4, 9, 14]), (138.1787155501902, 7, [5, 4, 9, 14]), (129.27922061357853, 13, [5, 4, 9, 14]), (inf, 2, [5, 4, 3]), (154.73506473629425, 1, [5, 4, 9, 8]), (inf, 27, [5, 12, 18, 24, 29, 34]), (inf, 11, [5, 12, 18]), (inf, 11, [5, 12]), (inf, 27, [5, 12, 17, 22]), (inf, 21, [5, 12, 18, 23, 28]), (inf, 21, [5, 12, 17, 22]), (inf, 10, [5, 4, 9]), (inf, 20, [5, 12, 17, 22, 15]), (inf, 21, [5, 12, 17, 22, 15]), (inf, 20, [5, 4, 9, 14]), (inf, 10, [5, 12, 17, 22, 15]), (inf, 2, [5, 4, 9]), (inf, 33, [5, 12, 18, 24, 29, 34]), (inf, 2, [5, 4, 9, 8]), (inf, 27, [5, 12, 18, 23, 28]), (inf, 11, [5]), (inf, 33, [5, 12, 18, 23, 28])]

Iteration 22:
Open set: [(128.69343417595164, 8, [5, 12, 17, 22, 15]), (131.10764773832472, 26, [5, 4, 9, 14, 19]), (129.27922061357853, 13, [5, 4, 9, 14]), (132.10764773832472, 25, [5, 4, 9, 14, 19]), (inf, 10, [5, 4]), (136.350288425444, 8, [5, 4, 9, 14]), (138.1787155501902, 7, [5, 4, 9, 14]), (137.7645019878171, 13, [5, 4, 9, 8]), (inf, 11, [5, 4]), (inf, 11, [5, 6]), (inf, 21, [5, 4, 9, 14]), (inf, 10, [5]), (inf, 20, [5, 4, 9, 14]), (inf, 2, [5, 4, 9]), (inf, 2, [5, 4, 9, 8]), (149.07821048680185, 13, [5, 4, 9, 14, 19]), (145.8355697996826, 7, [5, 4, 9, 8]), (inf, 27, [5, 12, 18, 24, 29, 34]), (inf, 11, [5, 12, 18]), (inf, 11, [5, 12]), (inf, 27, [5, 12, 17, 22]), (inf, 21, [5, 12, 18, 23, 28]), (inf, 21, [5, 12, 17, 22]), (inf, 10, [5, 4, 9]), (inf, 20, [5, 12, 17, 22, 15]), (inf, 21, [5, 12, 17, 22, 15]), (inf, 27, [5, 12, 18, 23, 28]), (inf, 10, [5, 12, 17, 22, 15]), (inf, 11, [5]), (inf, 33, [5, 12, 18, 24, 29, 34]), (inf, 20, [5, 4, 9, 14, 19]), (inf, 2, [5, 4, 3]), (154.73506473629425, 1, [5, 4, 9, 8]), (inf, 33, [5, 12, 18, 23, 28])]

Iteration 23:
Open set: [(131.10764773832472, 26, [5, 4, 9, 14, 19]), (132.10764773832472, 25, [5, 4, 9, 14, 19]), (136.350288425444, 8, [5, 4, 9, 14]), (137.7645019878171, 13, [5, 4, 9, 8]), (inf, 10, [5, 4]), (inf, 10, [5]), (138.1787155501902, 7, [5, 4, 9, 14]), (145.8355697996826, 7, [5, 4, 9, 8]), (inf, 11, [5, 4]), (inf, 11, [5, 6]), (inf, 21, [5, 4, 9, 14]), (inf, 10, [5, 4, 9]), (inf, 20, [5, 4, 9, 14]), (inf, 2, [5, 4, 9]), (inf, 2, [5, 4, 9, 8]), (149.07821048680185, 13, [5, 4, 9, 14, 19]), (154.73506473629425, 1, [5, 4, 9, 8]), (inf, 27, [5, 12, 18, 24, 29, 34]), (inf, 11, [5, 12, 18]), (inf, 11, [5, 12]), (inf, 27, [5, 12, 17, 22]), (inf, 21, [5, 12, 18, 23, 28]), (inf, 21, [5, 12, 17, 22]), (inf, 33, [5, 12, 18, 23, 28]), (inf, 20, [5, 12, 17, 22, 15]), (inf, 21, [5, 12, 17, 22, 15]), (inf, 27, [5, 12, 18, 23, 28]), (inf, 10, [5, 12, 17, 22, 15]), (inf, 11, [5]), (inf, 33, [5, 12, 18, 24, 29, 34]), (inf, 20, [5, 4, 9, 14, 19]), (inf, 2, [5, 4, 3]), (inf, 20, [5, 4, 9, 14, 13]), (165.6345596729059, 7, [5, 4, 9, 14, 13])]

Iteration 24:
Open set: [(132.10764773832472, 25, [5, 4, 9, 14, 19]), (132.10764773832472, 32, [5, 4, 9, 14, 19, 26]), (136.350288425444, 8, [5, 4, 9, 14]), (133.93607486307093, 31, [5, 4, 9, 14, 19, 26]), (inf, 10, [5, 4]), (inf, 10, [5]), (138.1787155501902, 7, [5, 4, 9, 14]), (142.00714267493638, 25, [5, 4, 9, 14, 19, 26]), (137.7645019878171, 13, [5, 4, 9, 8]), (inf, 11, [5, 6]), (inf, 21, [5, 4, 9, 14]), (inf, 10, [5, 4, 9]), (inf, 20, [5, 4, 9, 14]), (inf, 2, [5, 4, 9]), (inf, 2, [5, 4, 9, 8]), (165.6345596729059, 7, [5, 4, 9, 14, 13]), (145.8355697996826, 7, [5, 4, 9, 8]), (inf, 11, [5, 4]), (inf, 11, [5, 12, 18]), (inf, 11, [5, 12]), (inf, 27, [5, 12, 17, 22]), (inf, 21, [5, 12, 18, 23, 28]), (inf, 21, [5, 12, 17, 22]), (inf, 33, [5, 12, 18, 23, 28]), (inf, 20, [5, 12, 17, 22, 15]), (inf, 21, [5, 12, 17, 22, 15]), (inf, 27, [5, 12, 18, 23, 28]), (inf, 10, [5, 12, 17, 22, 15]), (inf, 11, [5]), (inf, 33, [5, 12, 18, 24, 29, 34]), (inf, 20, [5, 4, 9, 14, 19]), (inf, 2, [5, 4, 3]), (inf, 20, [5, 4, 9, 14, 13]), (154.73506473629425, 1, [5, 4, 9, 8]), (149.07821048680185, 13, [5, 4, 9, 14, 19]), (inf, 27, [5, 12, 18, 24, 29, 34]), (inf, 33, [5, 4, 9, 14, 19, 26]), (inf, 20, [5, 4, 9, 14, 19, 26]), (inf, 21, [5, 4, 9, 14, 19, 26]), (inf, 27, [5, 4, 9, 14, 19, 26])]

Iteration 25:
Open set: [(132.10764773832472, 32, [5, 4, 9, 14, 19, 26]), (133.52186130069782, 32, [5, 4, 9, 14, 19, 25]), (136.350288425444, 8, [5, 4, 9, 14]), (137.7645019878171, 13, [5, 4, 9, 8]), (133.93607486307093, 31, [5, 4, 9, 14, 19, 26]), (inf, 10, [5]), (138.1787155501902, 7, [5, 4, 9, 14]), (142.00714267493638, 25, [5, 4, 9, 14, 19, 26]), (inf, 11, [5, 4]), (134.52186130069782, 31, [5, 4, 9, 14, 19, 25]), (inf, 21, [5, 4, 9, 14]), (inf, 10, [5, 4, 9]), (inf, 20, [5, 4, 9, 14]), (inf, 2, [5, 4, 9]), (inf, 2, [5, 4, 9, 8]), (165.6345596729059, 7, [5, 4, 9, 14, 13]), (145.8355697996826, 7, [5, 4, 9, 8]), (inf, 27, [5, 4, 9, 14, 19, 26]), (inf, 11, [5, 12, 18]), (inf, 10, [5, 4]), (inf, 20, [5, 4, 9, 14, 19, 25]), (inf, 21, [5, 12, 18, 23, 28]), (inf, 21, [5, 12, 17, 22]), (inf, 33, [5, 12, 18, 23, 28]), (inf, 20, [5, 12, 17, 22, 15]), (inf, 21, [5, 12, 17, 22, 15]), (inf, 27, [5, 12, 18, 23, 28]), (inf, 10, [5, 12, 17, 22, 15]), (inf, 11, [5]), (inf, 33, [5, 12, 18, 24, 29, 34]), (inf, 20, [5, 4, 9, 14, 19]), (inf, 2, [5, 4, 3]), (inf, 20, [5, 4, 9, 14, 13]), (154.73506473629425, 1, [5, 4, 9, 8]), (149.07821048680185, 13, [5, 4, 9, 14, 19]), (inf, 27, [5, 12, 18, 24, 29, 34]), (inf, 33, [5, 4, 9, 14, 19, 26]), (inf, 20, [5, 4, 9, 14, 19, 26]), (inf, 21, [5, 4, 9, 14, 19, 26]), (inf, 11, [5, 12]), (inf, 11, [5, 6]), (inf, 27, [5, 12, 17, 22])]

Path found at iteration 26:
Open set: [(133.52186130069782, 32, [5, 4, 9, 14, 19, 25]), (133.93607486307093, 31, [5, 4, 9, 14, 19, 26]), (136.350288425444, 8, [5, 4, 9, 14]), (137.7645019878171, 13, [5, 4, 9, 8]), (134.52186130069782, 31, [5, 4, 9, 14, 19, 25]), (inf, 10, [5]), (138.1787155501902, 7, [5, 4, 9, 14]), (142.00714267493638, 25, [5, 4, 9, 14, 19, 26]), (inf, 11, [5, 4]), (inf, 10, [5, 4]), (inf, 21, [5, 4, 9, 14]), (inf, 10, [5, 4, 9]), (inf, 20, [5, 4, 9, 14]), (inf, 2, [5, 4, 9]), (inf, 2, [5, 4, 9, 8]), (165.6345596729059, 7, [5, 4, 9, 14, 13]), (145.8355697996826, 7, [5, 4, 9, 8]), (inf, 27, [5, 4, 9, 14, 19, 26]), (inf, 11, [5, 12, 18]), (inf, 11, [5, 6]), (inf, 20, [5, 4, 9, 14, 19, 25]), (inf, 21, [5, 12, 18, 23, 28]), (inf, 21, [5, 12, 17, 22]), (inf, 33, [5, 12, 18, 23, 28]), (inf, 20, [5, 12, 17, 22, 15]), (inf, 21, [5, 12, 17, 22, 15]), (inf, 27, [5, 12, 18, 23, 28]), (inf, 10, [5, 12, 17, 22, 15]), (inf, 11, [5]), (inf, 33, [5, 12, 18, 24, 29, 34]), (inf, 20, [5, 4, 9, 14, 19]), (inf, 2, [5, 4, 3]), (inf, 20, [5, 4, 9, 14, 13]), (154.73506473629425, 1, [5, 4, 9, 8]), (149.07821048680185, 13, [5, 4, 9, 14, 19]), (inf, 27, [5, 12, 18, 24, 29, 34]), (inf, 33, [5, 4, 9, 14, 19, 26]), (inf, 20, [5, 4, 9, 14, 19, 26]), (inf, 21, [5, 4, 9, 14, 19, 26]), (inf, 11, [5, 12]), (inf, 27, [5, 12, 17, 22])]
Path: [5, 4, 9, 14, 19, 26, 32]

Iteration 1:
Open set: [(29.698484809834998, 12, [5]), (37.76955262170047, 6, [5]), (inf, 10, [5]), (inf, 11, [5]), (40.59797974644666, 4, [5])]

Iteration 2:
Open set: [(37.76955262170047, 6, [5]), (40.59797974644666, 4, [5]), (50.49747468305833, 18, [5, 12]), (52.32590180780452, 17, [5, 12]), (inf, 11, [5, 12]), (inf, 10, [5]), (67.46803743153546, 6, [5, 12]), (inf, 11, [5])]

Iteration 3:
Open set: [(40.59797974644666, 4, [5]), (52.32590180780452, 17, [5, 12]), (50.49747468305833, 18, [5, 12]), (inf, 11, [5]), (inf, 11, [5, 12]), (inf, 10, [5]), (67.46803743153546, 6, [5, 12]), (inf, 11, [5, 6])]

Iteration 4:
Open set: [(50.49747468305833, 18, [5, 12]), (52.32590180780452, 17, [5, 12]), (67.46803743153546, 6, [5, 12]), (inf, 10, [5, 4]), (74.53910524340094, 9, [5, 4]), (inf, 10, [5]), (inf, 11, [5, 6]), (inf, 11, [5]), (inf, 11, [5, 4]), (inf, 11, [5, 12]), (82.61017305526642, 3, [5, 4])]

Iteration 5:
Open set: [(52.32590180780452, 17, [5, 12]), (74.53910524340094, 9, [5, 4]), (62.81118318204309, 24, [5, 12, 18]), (inf, 10, [5, 4]), (82.61017305526642, 3, [5, 4]), (67.46803743153546, 6, [5, 12]), (64.63961030678928, 23, [5, 12, 18]), (inf, 11, [5]), (inf, 11, [5, 4]), (inf, 11, [5, 12]), (inf, 11, [5, 12, 18]), (inf, 10, [5]), (72.71067811865476, 17, [5, 12, 18]), (inf, 11, [5, 6])]

Iteration 6:
Open set: [(62.81118318204309, 24, [5, 12, 18]), (65.05382386916237, 24, [5, 12, 17]), (64.63961030678928, 23, [5, 12, 18]), (67.88225099390857, 22, [5, 12, 17]), (82.61017305526642, 3, [5, 4]), (67.46803743153546, 6, [5, 12]), (66.05382386916237, 23, [5, 12, 17]), (74.53910524340094, 9, [5, 4]), (inf, 11, [5, 4]), (inf, 11, [5, 12]), (inf, 11, [5, 12, 18]), (inf, 10, [5]), (72.71067811865476, 17, [5, 12, 18]), (inf, 11, [5, 6]), (75.95331880577405, 16, [5, 12, 17]), (inf, 11, [5]), (inf, 10, [5, 4])]

Iteration 7:
Open set: [(64.63961030678928, 23, [5, 12, 18]), (65.05382386916237, 24, [5, 12, 17]), (66.05382386916237, 23, [5, 12, 17]), (66.63961030678928, 30, [5, 12, 18, 24]), (82.61017305526642, 3, [5, 4]), (67.46803743153546, 6, [5, 12]), (75.95331880577405, 16, [5, 12, 17]), (74.53910524340094, 9, [5, 4]), (67.88225099390857, 22, [5, 12, 17]), (inf, 11, [5, 12]), (inf, 11, [5, 12, 18]), (inf, 10, [5]), (72.71067811865476, 17, [5, 12, 18]), (inf, 11, [5, 6]), (inf, 10, [5, 4]), (inf, 11, [5]), (76.53910524340094, 23, [5, 12, 18, 24]), (inf, 11, [5, 4]), (68.46803743153548, 29, [5, 12, 18, 24])]

Iteration 8:
Open set: [(65.05382386916237, 24, [5, 12, 17]), (66.63961030678928, 30, [5, 12, 18, 24]), (66.05382386916237, 23, [5, 12, 17]), (67.88225099390857, 22, [5, 12, 17]), (68.88225099390856, 30, [5, 12, 18, 23]), (67.46803743153546, 6, [5, 12]), (75.95331880577405, 16, [5, 12, 17]), (74.53910524340094, 9, [5, 4]), (68.46803743153548, 29, [5, 12, 18, 24]), (79.78174593052023, 22, [5, 12, 18, 23]), (69.88225099390857, 29, [5, 12, 18, 23]), (inf, 10, [5]), (72.71067811865476, 17, [5, 12, 18]), (inf, 11, [5, 6]), (inf, 10, [5, 4]), (inf, 11, [5]), (76.53910524340094, 23, [5, 12, 18, 24]), (inf, 11, [5, 4]), (88.68124086713189, 16, [5, 12, 18, 23]), (inf, 11, [5, 12]), (82.61017305526642, 3, [5, 4]), (inf, 11, [5, 12, 18]), (71.71067811865476, 28, [5, 12, 18, 23])]

Iteration 9:
Open set: [(67.46803743153546, 6, [5, 12]), (67.88225099390857, 22, [5, 12, 17]), (71.71067811865476, 28, [5, 12, 18, 23]), (68.46803743153548, 29, [5, 12, 18, 24]), (68.88225099390856, 30, [5, 12, 18, 23]), (72.71067811865476, 17, [5, 12, 18]), (75.95331880577405, 16, [5, 12, 17]), (74.53910524340094, 9, [5, 4]), (88.68124086713189, 16, [5, 12, 18, 23]), (71.88225099390857, 29, [5, 12, 18, 24, 30]), (69.88225099390857, 29, [5, 12, 18, 23]), (inf, 10, [5]), (82.61017305526642, 3, [5, 4]), (inf, 11, [5, 6]), (inf, 10, [5, 4]), (inf, 11, [5]), (76.53910524340094, 23, [5, 12, 18, 24]), (inf, 11, [5, 4]), (inf, 11, [5, 12, 18]), (inf, 11, [5, 12]), (79.78174593052023, 22, [5, 12, 18, 23]), (72.29646455628166, 35, [5, 12, 18, 24, 30]), (73.29646455628166, 36, [5, 12, 18, 24, 30])]

Iteration 10:
Open set: [(68.46803743153548, 29, [5, 12, 18, 24]), (68.88225099390856, 30, [5, 12, 18, 23]), (71.71067811865476, 28, [5, 12, 18, 23]), (73.29646455628166, 36, [5, 12, 18, 24, 30]), (69.88225099390857, 29, [5, 12, 18, 23]), (72.71067811865476, 17, [5, 12, 18]), (75.95331880577405, 16, [5, 12, 17]), (74.53910524340094, 9, [5, 4]), (88.68124086713189, 16, [5, 12, 18, 23]), (71.88225099390857, 29, [5, 12, 18, 24, 30]), (72.29646455628166, 35, [5, 12, 18, 24, 30]), (73.53910524340095, 29, [5, 12, 17, 22]), (82.61017305526642, 3, [5, 4]), (inf, 11, [5, 6]), (inf, 10, [5, 4]), (inf, 11, [5]), (76.53910524340094, 23, [5, 12, 18, 24]), (inf, 11, [5, 4]), (inf, 11, [5, 12, 18]), (inf, 11, [5, 12]), (79.78174593052023, 22, [5, 12, 18, 23]), (93.33809511662427, 15, [5, 12, 17, 22]), (91.50966799187809, 16, [5, 12, 17, 22]), (inf, 10, [5]), (74.53910524340095, 28, [5, 12, 17, 22]), (inf, 21, [5, 12, 17, 22]), (inf, 27, [5, 12, 17, 22])]

Iteration 11:
Open set: [(68.88225099390856, 30, [5, 12, 18, 23]), (69.88225099390857, 29, [5, 12, 18, 23]), (71.71067811865476, 28, [5, 12, 18, 23]), (73.29646455628166, 36, [5, 12, 18, 24, 30]), (71.88225099390857, 29, [5, 12, 18, 24, 30]), (72.71067811865476, 17, [5, 12, 18]), (72.71067811865476, 34, [5, 12, 18, 24, 29]), (74.53910524340094, 9, [5, 4]), (88.68124086713189, 16, [5, 12, 18, 23]), (79.78174593052023, 22, [5, 12, 18, 23]), (72.29646455628166, 35, [5, 12, 18, 24, 30]), (73.53910524340095, 29, [5, 12, 17, 22]), (75.53910524340095, 28, [5, 12, 18, 24, 29]), (73.71067811865477, 35, [5, 12, 18, 24, 29]), (75.53910524340095, 36, [5, 12, 18, 24, 29]), (inf, 11, [5]), (76.53910524340094, 23, [5, 12, 18, 24]), (inf, 11, [5, 4]), (inf, 11, [5, 12, 18]), (inf, 11, [5, 12]), (inf, 27, [5, 12, 17, 22]), (93.33809511662427, 15, [5, 12, 17, 22]), (91.50966799187809, 16, [5, 12, 17, 22]), (inf, 10, [5]), (74.53910524340095, 28, [5, 12, 17, 22]), (inf, 21, [5, 12, 17, 22]), (82.61017305526642, 3, [5, 4]), (inf, 11, [5, 6]), (75.95331880577405, 16, [5, 12, 17]), (inf, 10, [5, 4])]

Iteration 12:
Open set: [(71.88225099390857, 29, [5, 12, 18, 24, 30]), (72.29646455628166, 35, [5, 12, 18, 24, 30]), (72.71067811865476, 17, [5, 12, 18]), (73.29646455628166, 36, [5, 12, 18, 24, 30]), (79.78174593052023, 22, [5, 12, 18, 23]), (73.53910524340095, 29, [5, 12, 17, 22]), (72.71067811865476, 34, [5, 12, 18, 24, 29]), (74.53910524340094, 9, [5, 4]), (88.68124086713189, 16, [5, 12, 18, 23]), (inf, 11, [5, 6]), (91.50966799187809, 16, [5, 12, 17, 22]), (74.53910524340095, 28, [5, 12, 17, 22]), (75.53910524340095, 28, [5, 12, 18, 24, 29]), (73.71067811865477, 35, [5, 12, 18, 24, 29]), (75.53910524340095, 36, [5, 12, 18, 24, 29]), (inf, 11, [5]), (76.53910524340094, 23, [5, 12, 18, 24]), (inf, 11, [5, 4]), (inf, 11, [5, 12, 18]), (inf, 11, [5, 12]), (inf, 27, [5, 12, 17, 22]), (93.33809511662427, 15, [5, 12, 17, 22]), (inf, 10, [5, 4]), (inf, 10, [5]), (75.95331880577405, 16, [5, 12, 17]), (inf, 21, [5, 12, 17, 22]), (82.61017305526642, 3, [5, 4]), (inf, 33, [5, 12, 18, 23, 28]), (75.53910524340094, 34, [5, 12, 18, 23, 28]), (77.36753236814714, 35, [5, 12, 18, 23, 28]), (inf, 21, [5, 12, 18, 23, 28]), (inf, 27, [5, 12, 18, 23, 28])]

Iteration 13:
Open set: [(72.71067811865476, 17, [5, 12, 18]), (73.29646455628166, 36, [5, 12, 18, 24, 30]), (72.71067811865476, 34, [5, 12, 18, 24, 29]), (74.53910524340094, 9, [5, 4]), (79.78174593052023, 22, [5, 12, 18, 23]), (73.53910524340095, 29, [5, 12, 17, 22]), (73.71067811865477, 35, [5, 12, 18, 24, 29]), (76.53910524340094, 23, [5, 12, 18, 24]), (88.68124086713189, 16, [5, 12, 18, 23]), (inf, 11, [5, 6]), (91.50966799187809, 16, [5, 12, 17, 22]), (74.53910524340095, 28, [5, 12, 17, 22]), (75.53910524340095, 28, [5, 12, 18, 24, 29]), (75.53910524340094, 34, [5, 12, 18, 23, 28]), (75.53910524340095, 36, [5, 12, 18, 24, 29]), (78.95331880577405, 36, [5, 12, 18, 24, 30, 35]), (inf, 27, [5, 12, 18, 23, 28]), (inf, 11, [5, 4]), (inf, 11, [5, 12, 18]), (inf, 11, [5, 12]), (inf, 27, [5, 12, 17, 22]), (93.33809511662427, 15, [5, 12, 17, 22]), (inf, 10, [5, 4]), (inf, 10, [5]), (75.95331880577405, 16, [5, 12, 17]), (inf, 21, [5, 12, 17, 22]), (82.61017305526642, 3, [5, 4]), (inf, 33, [5, 12, 18, 23, 28]), (inf, 21, [5, 12, 18, 23, 28]), (77.36753236814714, 35, [5, 12, 18, 23, 28]), (76.12489168102785, 34, [5, 12, 18, 24, 30, 35]), (inf, 11, [5])]

Iteration 14:
Open set: [(73.29646455628166, 36, [5, 12, 18, 24, 30]), (74.53910524340094, 9, [5, 4]), (73.53910524340095, 29, [5, 12, 17, 22]), (76.12489168102785, 34, [5, 12, 18, 24, 30, 35]), (79.78174593052023, 22, [5, 12, 18, 23]), (74.53910524340095, 28, [5, 12, 17, 22]), (73.71067811865477, 35, [5, 12, 18, 24, 29]), (76.53910524340094, 23, [5, 12, 18, 24]), (88.68124086713189, 16, [5, 12, 18, 23]), (inf, 11, [5, 6]), (91.50966799187809, 16, [5, 12, 17, 22]), (75.95331880577405, 16, [5, 12, 17]), (75.53910524340095, 28, [5, 12, 18, 24, 29]), (75.53910524340094, 34, [5, 12, 18, 23, 28]), (75.53910524340095, 36, [5, 12, 18, 24, 29]), (78.95331880577405, 36, [5, 12, 18, 24, 30, 35]), (inf, 27, [5, 12, 18, 23, 28]), (inf, 11, [5, 4]), (inf, 11, [5, 12, 18]), (inf, 11, [5, 12]), (inf, 27, [5, 12, 17, 22]), (93.33809511662427, 15, [5, 12, 17, 22]), (inf, 10, [5, 4]), (inf, 10, [5]), (inf, 11, [5]), (inf, 21, [5, 12, 17, 22]), (82.61017305526642, 3, [5, 4]), (inf, 33, [5, 12, 18, 23, 28]), (inf, 21, [5, 12, 18, 23, 28]), (77.36753236814714, 35, [5, 12, 18, 23, 28]), (inf, 33, [5, 12, 18, 24, 29, 34]), (inf, 27, [5, 12, 18, 24, 29, 34])]

Iteration 15:
Open set: [(73.53910524340095, 29, [5, 12, 17, 22]), (74.53910524340094, 9, [5, 4]), (73.71067811865477, 35, [5, 12, 18, 24, 29]), (76.12489168102785, 34, [5, 12, 18, 24, 30, 35]), (79.78174593052023, 22, [5, 12, 18, 23]), (74.53910524340095, 28, [5, 12, 17, 22]), (75.53910524340094, 34, [5, 12, 18, 23, 28]), (76.53910524340094, 23, [5, 12, 18, 24]), (88.68124086713189, 16, [5, 12, 18, 23]), (inf, 11, [5, 6]), (91.50966799187809, 16, [5, 12, 17, 22]), (75.95331880577405, 16, [5, 12, 17]), (75.53910524340095, 28, [5, 12, 18, 24, 29]), (inf, 21, [5, 12, 18, 23, 28]), (75.53910524340095, 36, [5, 12, 18, 24, 29]), (78.95331880577405, 36, [5, 12, 18, 24, 30, 35]), (inf, 27, [5, 12, 18, 23, 28]), (inf, 11, [5, 4]), (inf, 11, [5, 12, 18]), (inf, 11, [5, 12]), (inf, 27, [5, 12, 17, 22]), (93.33809511662427, 15, [5, 12, 17, 22]), (inf, 10, [5, 4]), (inf, 10, [5]), (inf, 11, [5]), (inf, 21, [5, 12, 17, 22]), (82.61017305526642, 3, [5, 4]), (inf, 33, [5, 12, 18, 23, 28]), (inf, 27, [5, 12, 18, 24, 29, 34]), (77.36753236814714, 35, [5, 12, 18, 23, 28]), (inf, 33, [5, 12, 18, 24, 29, 34])]

Iteration 16:
Open set: [(74.53910524340095, 28, [5, 12, 17, 22]), (76.12489168102785, 34, [5, 12, 18, 24, 30, 35]), (75.53910524340094, 34, [5, 12, 18, 23, 28]), (76.53910524340094, 23, [5, 12, 18, 24]), (79.78174593052023, 22, [5, 12, 18, 23]), (75.53910524340095, 28, [5, 12, 18, 24, 29]), (75.53910524340095, 36, [5, 12, 18, 24, 29]), (77.36753236814714, 35, [5, 12, 18, 23, 28]), (88.68124086713189, 16, [5, 12, 18, 23]), (inf, 11, [5, 6]), (91.50966799187809, 16, [5, 12, 17, 22]), (75.95331880577405, 16, [5, 12, 17]), (82.61017305526642, 3, [5, 4]), (inf, 2, [5, 4, 9]), (99.58073580374355, 15, [5, 4, 9]), (78.95331880577405, 36, [5, 12, 18, 24, 30, 35]), (98.58073580374355, 16, [5, 4, 9]), (inf, 11, [5, 4]), (inf, 11, [5, 12, 18]), (inf, 11, [5, 12]), (inf, 27, [5, 12, 17, 22]), (93.33809511662427, 15, [5, 12, 17, 22]), (inf, 10, [5, 4]), (inf, 10, [5]), (inf, 11, [5]), (inf, 21, [5, 12, 17, 22]), (inf, 33, [5, 12, 18, 24, 29, 34]), (inf, 33, [5, 12, 18, 23, 28]), (inf, 21, [5, 12, 18, 23, 28]), (inf, 27, [5, 12, 18, 24, 29, 34]), (116.55129855222069, 3, [5, 4, 9]), (109.48023074035521, 8, [5, 4, 9]), (101.40916292848974, 14, [5, 4, 9]), (inf, 27, [5, 12, 18, 23, 28]), (inf, 10, [5, 4, 9])]

Iteration 17:
Open set: [(76.12489168102785, 34, [5, 12, 18, 24, 30, 35]), (76.53910524340094, 23, [5, 12, 18, 24]), (82.61017305526642, 3, [5, 4]), (77.36753236814714, 35, [5, 12, 18, 23, 28]), (79.78174593052023, 22, [5, 12, 18, 23]), (101.40916292848974, 14, [5, 4, 9]), (99.58073580374355, 15, [5, 4, 9]), (78.95331880577405, 36, [5, 12, 18, 24, 30, 35]), (88.68124086713189, 16, [5, 12, 18, 23]), (inf, 11, [5, 6]), (91.50966799187809, 16, [5, 12, 17, 22]), (inf, 10, [5]), (109.48023074035521, 8, [5, 4, 9]), (inf, 2, [5, 4, 9]), (100.99494936611666, 15, [5, 12, 17, 16]), (inf, 27, [5, 12, 18, 23, 28]), (98.58073580374355, 16, [5, 4, 9]), (inf, 11, [5, 4]), (inf, 11, [5, 12, 18]), (inf, 11, [5, 12]), (inf, 27, [5, 12, 17, 22]), (93.33809511662427, 15, [5, 12, 17, 22]), (inf, 10, [5, 4]), (inf, 10, [5, 4, 9]), (inf, 11, [5]), (inf, 21, [5, 12, 17, 22]), (inf, 33, [5, 12, 18, 24, 29, 34]), (inf, 33, [5, 12, 18, 23, 28]), (inf, 21, [5, 12, 18, 23, 28]), (inf, 27, [5, 12, 18, 24, 29, 34]), (116.55129855222069, 3, [5, 4, 9])]

Iteration 18:
Open set: [(88.68124086713189, 16, [5, 12, 18, 23]), (91.50966799187809, 16, [5, 12, 17, 22]), (99.58073580374355, 15, [5, 4, 9]), (98.58073580374355, 16, [5, 4, 9]), (93.33809511662427, 15, [5, 12, 17, 22]), (101.40916292848974, 14, [5, 4, 9]), (100.99494936611666, 15, [5, 12, 17, 16]), (116.55129855222069, 3, [5, 4, 9]), (inf, 11, [5, 4]), (inf, 11, [5, 6]), (inf, 10, [5, 4]), (inf, 10, [5]), (109.48023074035521, 8, [5, 4, 9]), (inf, 2, [5, 4, 9]), (inf, 33, [5, 12, 18, 24, 29, 34]), (inf, 27, [5, 12, 18, 23, 28]), (inf, 33, [5, 12, 18, 23, 28]), (inf, 27, [5, 12, 18, 24, 29, 34]), (inf, 11, [5, 12, 18]), (inf, 11, [5, 12]), (inf, 27, [5, 12, 17, 22]), (inf, 21, [5, 12, 18, 23, 28]), (inf, 21, [5, 12, 17, 22]), (inf, 10, [5, 4, 9]), (inf, 11, [5]), (inf, 2, [5, 4, 3]), (117.96551211459379, 8, [5, 4, 3])]

Iteration 19:
Open set: [(98.58073580374355, 16, [5, 4, 9]), (116.55129855222069, 3, [5, 4, 9]), (99.58073580374355, 15, [5, 4, 9]), (inf, 2, [5, 4, 3]), (117.96551211459379, 8, [5, 4, 3]), (101.40916292848974, 14, [5, 4, 9]), (100.99494936611666, 15, [5, 12, 17, 16]), (inf, 11, [5]), (inf, 11, [5, 4]), (inf, 11, [5, 6]), (inf, 10, [5, 4]), (119.79393923933998, 14, [5, 12, 17, 22, 15]), (109.48023074035521, 8, [5, 4, 9]), (inf, 2, [5, 4, 9]), (inf, 33, [5, 12, 18, 24, 29, 34]), (inf, 27, [5, 12, 18, 23, 28]), (inf, 33, [5, 12, 18, 23, 28]), (inf, 27, [5, 12, 18, 24, 29, 34]), (inf, 11, [5, 12, 18]), (inf, 11, [5, 12]), (inf, 27, [5, 12, 17, 22]), (inf, 21, [5, 12, 18, 23, 28]), (inf, 21, [5, 12, 17, 22]), (inf, 10, [5, 4, 9]), (inf, 10, [5]), (128.69343417595164, 8, [5, 12, 17, 22, 15]), (inf, 20, [5, 12, 17, 22, 15]), (inf, 21, [5, 12, 17, 22, 15]), (inf, 10, [5, 12, 17, 22, 15])]

Iteration 20:
Open set: [(109.48023074035521, 8, [5, 4, 9]), (116.55129855222069, 3, [5, 4, 9]), (119.79393923933998, 14, [5, 12, 17, 22, 15]), (inf, 2, [5, 4, 3]), (117.96551211459379, 8, [5, 4, 3]), (128.69343417595164, 8, [5, 12, 17, 22, 15]), (121.20815280171306, 19, [5, 4, 9, 14]), (inf, 11, [5]), (inf, 11, [5, 4]), (inf, 11, [5, 6]), (inf, 10, [5, 4]), (inf, 10, [5]), (136.350288425444, 8, [5, 4, 9, 14]), (138.1787155501902, 7, [5, 4, 9, 14]), (129.27922061357853, 13, [5, 4, 9, 14]), (inf, 27, [5, 12, 18, 23, 28]), (inf, 33, [5, 12, 18, 23, 28]), (inf, 27, [5, 12, 18, 24, 29, 34]), (inf, 11, [5, 12, 18]), (inf, 11, [5, 12]), (inf, 27, [5, 12, 17, 22]), (inf, 21, [5, 12, 18, 23, 28]), (inf, 21, [5, 12, 17, 22]), (inf, 10, [5, 4, 9]), (inf, 20, [5, 12, 17, 22, 15]), (inf, 21, [5, 12, 17, 22, 15]), (inf, 20, [5, 4, 9, 14]), (inf, 10, [5, 12, 17, 22, 15]), (inf, 2, [5, 4, 9]), (inf, 33, [5, 12, 18, 24, 29, 34]), (inf, 21, [5, 4, 9, 14])]

Iteration 21:
Open set: [(116.55129855222069, 3, [5, 4, 9]), (117.96551211459379, 8, [5, 4, 3]), (119.79393923933998, 14, [5, 12, 17, 22, 15]), (137.7645019878171, 13, [5, 4, 9, 8]), (inf, 10, [5, 4]), (128.69343417595164, 8, [5, 12, 17, 22, 15]), (121.20815280171306, 19, [5, 4, 9, 14]), (145.8355697996826, 7, [5, 4, 9, 8]), (inf, 11, [5, 4]), (inf, 11, [5, 6]), (inf, 21, [5, 4, 9, 14]), (inf, 10, [5]), (136.350288425444, 8, [5, 4, 9, 14]), (138.1787155501902, 7, [5, 4, 9, 14]), (129.27922061357853, 13, [5, 4, 9, 14]), (inf, 2, [5, 4, 3]), (154.73506473629425, 1, [5, 4, 9, 8]), (inf, 27, [5, 12, 18, 24, 29, 34]), (inf, 11, [5, 12, 18]), (inf, 11, [5, 12]), (inf, 27, [5, 12, 17, 22]), (inf, 21, [5, 12, 18, 23, 28]), (inf, 21, [5, 12, 17, 22]), (inf, 10, [5, 4, 9]), (inf, 20, [5, 12, 17, 22, 15]), (inf, 21, [5, 12, 17, 22, 15]), (inf, 20, [5, 4, 9, 14]), (inf, 10, [5, 12, 17, 22, 15]), (inf, 2, [5, 4, 9]), (inf, 33, [5, 12, 18, 24, 29, 34]), (inf, 2, [5, 4, 9, 8]), (inf, 27, [5, 12, 18, 23, 28]), (inf, 11, [5]), (inf, 33, [5, 12, 18, 23, 28])]

Iteration 22:
Open set: [(128.69343417595164, 8, [5, 12, 17, 22, 15]), (131.10764773832472, 26, [5, 4, 9, 14, 19]), (129.27922061357853, 13, [5, 4, 9, 14]), (132.10764773832472, 25, [5, 4, 9, 14, 19]), (inf, 10, [5, 4]), (136.350288425444, 8, [5, 4, 9, 14]), (138.1787155501902, 7, [5, 4, 9, 14]), (137.7645019878171, 13, [5, 4, 9, 8]), (inf, 11, [5, 4]), (inf, 11, [5, 6]), (inf, 21, [5, 4, 9, 14]), (inf, 10, [5]), (inf, 20, [5, 4, 9, 14]), (inf, 2, [5, 4, 9]), (inf, 2, [5, 4, 9, 8]), (149.07821048680185, 13, [5, 4, 9, 14, 19]), (145.8355697996826, 7, [5, 4, 9, 8]), (inf, 27, [5, 12, 18, 24, 29, 34]), (inf, 11, [5, 12, 18]), (inf, 11, [5, 12]), (inf, 27, [5, 12, 17, 22]), (inf, 21, [5, 12, 18, 23, 28]), (inf, 21, [5, 12, 17, 22]), (inf, 10, [5, 4, 9]), (inf, 20, [5, 12, 17, 22, 15]), (inf, 21, [5, 12, 17, 22, 15]), (inf, 27, [5, 12, 18, 23, 28]), (inf, 10, [5, 12, 17, 22, 15]), (inf, 11, [5]), (inf, 33, [5, 12, 18, 24, 29, 34]), (inf, 20, [5, 4, 9, 14, 19]), (inf, 2, [5, 4, 3]), (154.73506473629425, 1, [5, 4, 9, 8]), (inf, 33, [5, 12, 18, 23, 28])]

Iteration 23:
Open set: [(131.10764773832472, 26, [5, 4, 9, 14, 19]), (132.10764773832472, 25, [5, 4, 9, 14, 19]), (136.350288425444, 8, [5, 4, 9, 14]), (137.7645019878171, 13, [5, 4, 9, 8]), (inf, 10, [5, 4]), (inf, 10, [5]), (138.1787155501902, 7, [5, 4, 9, 14]), (145.8355697996826, 7, [5, 4, 9, 8]), (inf, 11, [5, 4]), (inf, 11, [5, 6]), (inf, 21, [5, 4, 9, 14]), (inf, 10, [5, 4, 9]), (inf, 20, [5, 4, 9, 14]), (inf, 2, [5, 4, 9]), (inf, 2, [5, 4, 9, 8]), (149.07821048680185, 13, [5, 4, 9, 14, 19]), (154.73506473629425, 1, [5, 4, 9, 8]), (inf, 27, [5, 12, 18, 24, 29, 34]), (inf, 11, [5, 12, 18]), (inf, 11, [5, 12]), (inf, 27, [5, 12, 17, 22]), (inf, 21, [5, 12, 18, 23, 28]), (inf, 21, [5, 12, 17, 22]), (inf, 33, [5, 12, 18, 23, 28]), (inf, 20, [5, 12, 17, 22, 15]), (inf, 21, [5, 12, 17, 22, 15]), (inf, 27, [5, 12, 18, 23, 28]), (inf, 10, [5, 12, 17, 22, 15]), (inf, 11, [5]), (inf, 33, [5, 12, 18, 24, 29, 34]), (inf, 20, [5, 4, 9, 14, 19]), (inf, 2, [5, 4, 3]), (inf, 20, [5, 4, 9, 14, 13]), (165.6345596729059, 7, [5, 4, 9, 14, 13])]

Iteration 24:
Open set: [(132.10764773832472, 25, [5, 4, 9, 14, 19]), (132.10764773832472, 32, [5, 4, 9, 14, 19, 26]), (136.350288425444, 8, [5, 4, 9, 14]), (133.93607486307093, 31, [5, 4, 9, 14, 19, 26]), (inf, 10, [5, 4]), (inf, 10, [5]), (138.1787155501902, 7, [5, 4, 9, 14]), (142.00714267493638, 25, [5, 4, 9, 14, 19, 26]), (137.7645019878171, 13, [5, 4, 9, 8]), (inf, 11, [5, 6]), (inf, 21, [5, 4, 9, 14]), (inf, 10, [5, 4, 9]), (inf, 20, [5, 4, 9, 14]), (inf, 2, [5, 4, 9]), (inf, 2, [5, 4, 9, 8]), (165.6345596729059, 7, [5, 4, 9, 14, 13]), (145.8355697996826, 7, [5, 4, 9, 8]), (inf, 11, [5, 4]), (inf, 11, [5, 12, 18]), (inf, 11, [5, 12]), (inf, 27, [5, 12, 17, 22]), (inf, 21, [5, 12, 18, 23, 28]), (inf, 21, [5, 12, 17, 22]), (inf, 33, [5, 12, 18, 23, 28]), (inf, 20, [5, 12, 17, 22, 15]), (inf, 21, [5, 12, 17, 22, 15]), (inf, 27, [5, 12, 18, 23, 28]), (inf, 10, [5, 12, 17, 22, 15]), (inf, 11, [5]), (inf, 33, [5, 12, 18, 24, 29, 34]), (inf, 20, [5, 4, 9, 14, 19]), (inf, 2, [5, 4, 3]), (inf, 20, [5, 4, 9, 14, 13]), (154.73506473629425, 1, [5, 4, 9, 8]), (149.07821048680185, 13, [5, 4, 9, 14, 19]), (inf, 27, [5, 12, 18, 24, 29, 34]), (inf, 33, [5, 4, 9, 14, 19, 26]), (inf, 20, [5, 4, 9, 14, 19, 26]), (inf, 21, [5, 4, 9, 14, 19, 26]), (inf, 27, [5, 4, 9, 14, 19, 26])]

Iteration 25:
Open set: [(132.10764773832472, 32, [5, 4, 9, 14, 19, 26]), (133.52186130069782, 32, [5, 4, 9, 14, 19, 25]), (136.350288425444, 8, [5, 4, 9, 14]), (137.7645019878171, 13, [5, 4, 9, 8]), (133.93607486307093, 31, [5, 4, 9, 14, 19, 26]), (inf, 10, [5]), (138.1787155501902, 7, [5, 4, 9, 14]), (142.00714267493638, 25, [5, 4, 9, 14, 19, 26]), (inf, 11, [5, 4]), (134.52186130069782, 31, [5, 4, 9, 14, 19, 25]), (inf, 21, [5, 4, 9, 14]), (inf, 10, [5, 4, 9]), (inf, 20, [5, 4, 9, 14]), (inf, 2, [5, 4, 9]), (inf, 2, [5, 4, 9, 8]), (165.6345596729059, 7, [5, 4, 9, 14, 13]), (145.8355697996826, 7, [5, 4, 9, 8]), (inf, 27, [5, 4, 9, 14, 19, 26]), (inf, 11, [5, 12, 18]), (inf, 10, [5, 4]), (inf, 20, [5, 4, 9, 14, 19, 25]), (inf, 21, [5, 12, 18, 23, 28]), (inf, 21, [5, 12, 17, 22]), (inf, 33, [5, 12, 18, 23, 28]), (inf, 20, [5, 12, 17, 22, 15]), (inf, 21, [5, 12, 17, 22, 15]), (inf, 27, [5, 12, 18, 23, 28]), (inf, 10, [5, 12, 17, 22, 15]), (inf, 11, [5]), (inf, 33, [5, 12, 18, 24, 29, 34]), (inf, 20, [5, 4, 9, 14, 19]), (inf, 2, [5, 4, 3]), (inf, 20, [5, 4, 9, 14, 13]), (154.73506473629425, 1, [5, 4, 9, 8]), (149.07821048680185, 13, [5, 4, 9, 14, 19]), (inf, 27, [5, 12, 18, 24, 29, 34]), (inf, 33, [5, 4, 9, 14, 19, 26]), (inf, 20, [5, 4, 9, 14, 19, 26]), (inf, 21, [5, 4, 9, 14, 19, 26]), (inf, 11, [5, 12]), (inf, 11, [5, 6]), (inf, 27, [5, 12, 17, 22])]

Path found at iteration 26:
Open set: [(133.52186130069782, 32, [5, 4, 9, 14, 19, 25]), (133.93607486307093, 31, [5, 4, 9, 14, 19, 26]), (136.350288425444, 8, [5, 4, 9, 14]), (137.7645019878171, 13, [5, 4, 9, 8]), (134.52186130069782, 31, [5, 4, 9, 14, 19, 25]), (inf, 10, [5]), (138.1787155501902, 7, [5, 4, 9, 14]), (142.00714267493638, 25, [5, 4, 9, 14, 19, 26]), (inf, 11, [5, 4]), (inf, 10, [5, 4]), (inf, 21, [5, 4, 9, 14]), (inf, 10, [5, 4, 9]), (inf, 20, [5, 4, 9, 14]), (inf, 2, [5, 4, 9]), (inf, 2, [5, 4, 9, 8]), (165.6345596729059, 7, [5, 4, 9, 14, 13]), (145.8355697996826, 7, [5, 4, 9, 8]), (inf, 27, [5, 4, 9, 14, 19, 26]), (inf, 11, [5, 12, 18]), (inf, 11, [5, 6]), (inf, 20, [5, 4, 9, 14, 19, 25]), (inf, 21, [5, 12, 18, 23, 28]), (inf, 21, [5, 12, 17, 22]), (inf, 33, [5, 12, 18, 23, 28]), (inf, 20, [5, 12, 17, 22, 15]), (inf, 21, [5, 12, 17, 22, 15]), (inf, 27, [5, 12, 18, 23, 28]), (inf, 10, [5, 12, 17, 22, 15]), (inf, 11, [5]), (inf, 33, [5, 12, 18, 24, 29, 34]), (inf, 20, [5, 4, 9, 14, 19]), (inf, 2, [5, 4, 3]), (inf, 20, [5, 4, 9, 14, 13]), (154.73506473629425, 1, [5, 4, 9, 8]), (149.07821048680185, 13, [5, 4, 9, 14, 19]), (inf, 27, [5, 12, 18, 24, 29, 34]), (inf, 33, [5, 4, 9, 14, 19, 26]), (inf, 20, [5, 4, 9, 14, 19, 26]), (inf, 21, [5, 4, 9, 14, 19, 26]), (inf, 11, [5, 12]), (inf, 27, [5, 12, 17, 22])]
Path: [5, 4, 9, 14, 19, 26, 32]

